0.20578
0.847902
0.272961
0.482031
0.49129
0.190792
0.061399
0.510308
0.950376
0.0107465
0.703252
0.315883
0.847991
0.31958
0.751471
0.568479
0.93763
0.704604
0.637436
0.518424
0.323844
0.910933
0.924174
0.140829
0.382142
0.729227
0.474363
0.427018
0.597695
0.114634
0.675373
0.834915
0.245101
0.529061
0.158541
0.580706
0.747529
0.857155
0.979145
0.0802972
0.182653
0.672588
0.156891
0.82442
0.128567
0.163796
0.444825
0.285682
0.652144
0.212786
0.788841
0.5005
0.149718
0.0182304
0.617378
0.402705
0.236845
0.924222
0.00918078
0.265284
0.83131
0.723269
0.776714
0.817277
0.270907
0.710232
0.0648145
0.188851
0.333875
0.230954
0.525687
0.205902
0.6039
0.586907
0.219095
0.752778
0.17527
0.861164
0.518963
0.440227
0.350856
0.58601
0.679269
0.460233
0.67755
0.431441
0.256521
0.734339
0.0450376
0.204493
0.412078
0.263336
0.998176
0.043041
0.529097
0.699156
0.98257
0.545777
0.255598
0.678898
0.604126
0.660922
0.818747
0.733526
0.243265
0.471814
0.990429
0.0349441
0.687356
0.386392
0.344294
0.522999
0.111702
0.145563
0.693689
0.214669
0.554229
0.390815
0.604037
0.268573
0.138969
0.288807
0.543759
0.296514
0.24002
0.452326
0.0127578
0.966502
0.711273
0.0311298
0.80498
0.876022
0.449497
0.231455
0.9413
0.0752459
0.41313
0.777561
0.102368
0.472911
0.707456
0.0899799
0.812585
0.621135
0.0326931
0.567396
0.781108
0.454878
0.13145
0.437445
0.531161
0.588671
0.754712
0.0620971
0.589911
0.371883
0.395965
0.571892
0.805682
0.941209
0.381279
0.756739
0.511868
0.0430465
0.066134
0.751891
0.246185
0.662242
0.292224
0.603234
0.823435
0.128759
0.0270915
0.543882
0.128229
0.79136
0.401517
0.500643
0.486093
0.738797
0.978371
0.27133
0.173887
0.0858734
0.432246
0.950201
0.846715
0.806973
0.357304
0.397958
0.996145
0.115842
0.0359789
0.626166
0.218803
0.603433
0.308761
0.207268
0.689758
0.951006
0.706997
0.266311
0.708021
0.657759
0.621088
0.935554
0.157054
0.325227
0.385887
0.792541
0.186439
0.834477
0.470656
0.70343
0.668219
0.521524
0.958247
0.750827
0.00914182
0.108272
0.74374
0.913956
0.0408037
0.783117
0.540784
0.382661
0.775102
0.146857
0.702191
0.0255587
0.25728
0.0702449
0.574613
0.687641
0.7195
0.640463
0.734925
0.852286
0.902122
0.244854
0.925704
0.850419
0.985734
0.15796
0.207401
0.182959
0.0241515
0.3578
0.276942
0.298893
0.155916
0.00426554
0.0526032
0.721908
0.026582
0.938439
0.901576
0.614065
0.757018
0.0978119
0.887748
0.884082
0.798448
0.10309
0.0143439
0.224603
0.226156
0.828644
0.236543
0.441043
0.916707
0.929116
0.632615
0.592555
0.0587156
0.687226
0.442335
0.571456
0.392212
0.136279
0.224882
0.896165
0.0394731
0.0193157
0.945104
0.806912
0.00198925
0.732185
0.666494
0.381676
0.442692
0.924983
0.500133
0.0894621
0.265642
0.181912
0.549097
0.582146
0.552465
0.0550777
0.706051
0.534397
0.61391
0.969885
0.627164
0.638334
0.722925
0.427407
0.357228
0.403388
0.392718
0.377159
0.978303
0.920333
0.578897
0.740572
0.20028
0.547599
0.0092499
0.924745
0.818039
0.342285
0.59189
0.377313
0.688306
0.615293
0.249048
0.30523
0.851719
0.559482
0.048781
0.0323038
0.0412703
0.698991
0.879976
0.604669
0.253732
0.816426
0.0864507
0.144946
0.253635
0.908793
0.29057
0.0605245
0.192239
0.0245215
0.713811
0.12938
0.830244
0.406542
0.680474
0.306095
0.918216
0.168228
0.655007
0.603383
0.573394
0.715414
0.47172
0.46351
0.260473
0.776478
0.331059
0.276815
0.0178978
0.0382797
0.710741
0.303852
0.448087
0.32182
0.0976218
0.565982
0.504996
0.308942
0.137193
0.258021
0.551541
0.0443681
0.232572
0.53206
0.432286
0.585897
0.130376
0.227957
0.662143
0.814696
0.54492
0.783105
0.695137
0.307071
0.943034
0.707556
0.0430161
0.193614
0.342247
0.435282
0.92349
0.0859516
0.79389
0.767592
0.87042
0.617242
0.0990349
0.277145
0.0730869
0.205315
0.761173
0.609662
0.827279
0.14345
0.510039
0.448778
0.765267
0.586744
0.63137
0.996983
0.270989
0.741247
0.810613
0.594011
0.329875
0.343609
0.0701682
0.702102
0.608397
0.3817
0.205922
0.362418
0.116424
0.997507
0.486801
0.802872
0.619727
0.11624
0.666738
0.240221
0.0699424
0.19061
0.129624
0.425212
0.420033
0.385866
0.269614
0.751459
0.0307769
0.213872
0.419851
0.409566
0.455002
0.980371
0.849145
0.760939
0.531843
0.645649
0.531748
0.838328
0.230573
0.620396
0.800654
0.320403
0.0410542
0.62962
0.878263
0.955707
0.966627
0.176278
0.844483
0.430557
0.506974
0.508163
0.757746
0.111795
0.691304
0.318708
0.403108
0.3961
0.862803
0.1238
0.285226
0.248843
0.273782
0.238952
0.485311
0.2612
0.26679
0.388653
0.574355
0.741607
0.807275
0.326243
0.0229447
0.563011
0.0449407
0.039776
0.714036
0.243876
0.925898
0.133609
0.358221
0.883512
0.439238
0.0261185
0.157478
0.50754
0.825267
0.556665
0.301921
0.600818
0.499766
0.883988
0.664951
0.798317
0.536313
0.491092
0.257536
0.567996
0.10981
0.0556389
0.809796
0.366228
0.959688
0.553044
0.826751
0.873657
0.116793
0.666261
0.439265
0.462343
0.299272
0.120654
0.533716
0.699304
0.115971
0.374068
0.720505
0.258917
0.238432
0.389921
0.0514247
0.155744
0.980565
0.87299
0.353069
0.404028
0.803211
0.561033
0.595188
0.762195
0.423206
0.171895
0.685813
0.451747
0.752946
0.146783
0.168794
0.470954
0.52347
0.61591
0.58399
0.690729
0.811212
0.818117
0.425503
0.969795
0.237181
0.186096
0.347822
0.951745
0.78902
0.500272
0.506031
0.290077
0.21048
0.403051
0.88296
0.437252
0.645437
0.893772
0.953384
0.773377
0.213897
0.713021
0.0271224
0.779575
0.544946
0.464007
0.273445
0.675636
0.322607
0.767567
0.371668
0.800173
0.774568
0.164682
0.868307
0.195873
0.788469
0.763996
0.976134
0.739945
0.700461
0.538206
0.68426
0.0171326
0.436078
0.629464
0.631827
0.160996
0.412763
0.453602
0.350538
0.992912
0.0162764
0.889626
0.842448
0.511739
0.586143
0.959369
0.0431178
0.0228556
0.18277
0.720488
0.523226
0.856919
0.0423536
0.123302
0.750456
0.836305
0.44354
0.720967
0.083409
0.471583
0.202298
0.909951
0.607349
0.0791445
0.946727
0.0666519
0.954135
0.484053
0.34034
0.0814863
0.662994
0.137959
0.295878
0.765376
0.975252
0.730858
0.719178
0.285526
0.989627
0.949324
0.882634
0.222641
0.0932419
0.67906
0.697017
0.954421
0.736984
0.19193
0.0504251
0.624834
0.240584
0.860414
0.645275
0.225275
0.707119
0.503434
0.434636
0.290054
0.943159
0.778151
0.848652
0.75648
0.971658
0.736229
0.302144
0.600667
0.131132
0.309968
0.0663346
0.389127
0.34928
0.871617
0.892872
0.403351
0.219195
0.861819
0.0810361
0.471852
0.285232
0.944268
0.200839
0.340986
0.957825
0.972413
0.527261
0.15092
0.393179
0.595986
0.331036
0.154663
0.258548
0.855084
0.375588
0.927094
0.0242807
0.480781
0.272195
0.382843
0.361786
0.428526
0.459495
0.500345
0.944872
0.261283
0.789321
0.532786
0.226229
0.811514
0.318192
0.564677
0.310328
0.344949
0.370945
0.524054
0.74088
0.797195
0.469911
0.332807
0.63786
0.649812
0.678028
0.844253
0.449536
0.590337
0.210286
0.995801
0.210237
0.813903
0.018329
0.544354
0.814018
0.619257
0.21047
0.843894
0.649856
0.451448
0.182825
0.223565
0.765205
0.903479
0.574833
0.861531
0.400107
0.411629
0.754615
0.924729
0.40235
0.442262
0.0942562
0.9484
0.779128
0.6688
0.798382
0.650721
0.356474
0.63227
0.0270814
0.552745
0.0277914
0.357176
0.761966
0.24357
0.98835
0.978946
0.272331
0.196386
0.404878
0.77819
0.536164
0.444863
0.485984
0.988796
0.176981
0.70277
0.976253
0.8692
0.836221
0.159167
0.811957
0.338053
0.89252
0.736337
0.113326
0.791278
0.397405
0.992771
0.661219
0.555809
0.782492
0.0170589
0.957622
0.258373
0.580621
0.924215
0.934733
0.938437
0.277773
0.0633984
0.438415
0.17678
0.70888
0.184677
0.973928
0.262479
0.287459
0.191603
0.542737
0.154991
0.716469
0.125163
0.130352
0.533861
0.273883
0.631086
0.970531
0.0939847
0.649556
0.845102
0.17571
0.834657
0.952335
0.446848
0.184465
0.0773115
0.525986
0.510508
0.616895
0.740267
0.356112
0.292385
0.481363
0.188887
0.789343
0.635085
0.16853
0.707809
0.229166
0.941848
0.294166
0.0105261
0.308372
0.299524
0.902594
0.794812
0.283923
0.816492
0.149207
0.686141
0.128089
0.927436
0.686056
0.139198
0.189392
0.370324
0.305165
0.269358
0.87142
0.837951
0.15967
0.602432
0.776874
0.900396
0.169788
0.365489
0.409383
0.800678
0.928745
0.543418
0.520717
0.738791
0.739245
0.564779
0.00343486
0.603521
0.839001
0.686208
0.342545
0.424948
0.0415973
0.96507
0.491209
0.0140522
0.0804345
0.771041
0.74908
0.199612
0.803515
0.0910183
0.452311
0.240967
0.877273
0.154738
0.456755
0.0606843
0.0837159
0.802989
0.848767
0.30133
0.583718
0.416499
0.730704
0.00038447
0.742146
0.975156
0.226795
0.249175
0.250165
0.805658
0.0875589
0.149732
0.168427
0.309045
0.370525
0.352986
0.0901019
0.180072
0.722464
0.758827
0.582073
0.65481
0.0179668
0.716552
0.981652
0.771784
0.739358
0.128997
0.324173
0.100171
0.0765973
0.709676
0.692838
0.727872
0.00921287
0.972406
0.16263
0.432434
0.746933
0.600639
0.996277
0.322868
0.71244
0.0145964
0.761356
0.194614
0.516647
0.532357
0.796065
0.032673
0.457418
0.372179
0.495696
0.480989
0.637717
0.861425
0.240383
0.0719045
0.276377
0.0101909
0.187426
0.872846
0.360711
0.298205
0.688277
0.725978
0.525767
0.290644
0.357847
0.441629
0.95527
0.674449
0.804607
0.0536812
0.0261219
0.778985
0.85224
0.532263
0.296373
0.168336
0.270108
0.083135
0.363453
0.933678
0.384091
0.874408
0.873289
0.383982
0.205834
0.985852
0.301166
0.488558
0.459175
0.926614
0.328126
0.0553984
0.697406
0.118571
0.869084
0.382211
0.258598
0.535539
0.851049
0.530465
0.38452
0.207279
0.646929
0.00164772
0.0601215
0.827703
0.883105
0.931694
0.509332
0.947235
0.443313
0.252923
0.258232
0.938219
0.104783
0.635851
0.869055
0.351021
0.440378
0.758207
0.194894
0.622213
0.407845
0.706293
0.159957
0.724321
0.240221
0.656553
0.949997
0.969534
0.434349
0.262376
0.00173806
0.907695
0.725728
0.353499
0.467607
0.335847
0.754355
0.2025
0.0997335
0.363224
0.604896
0.864791
0.469447
0.494048
0.532247
0.0194325
0.135564
0.927824
0.0254595
0.413215
0.84926
0.339619
0.0702977
0.710792
0.50364
0.515402
0.827352
0.121821
0.256758
0.606453
0.306444
0.232019
0.615262
0.848257
0.125329
0.0597065
0.614722
0.00172808
0.423568
0.114742
0.106377
0.604705
0.805452
0.6414
0.720405
0.694682
0.727697
0.958603
0.840207
0.241833
0.424734
0.92675
0.916569
0.970688
0.471607
0.301643
0.527691
0.718099
0.30471
0.349549
0.918438
0.164057
0.354789
0.982681
0.316074
0.516687
0.724345
0.0641246
0.886487
0.593135
0.831935
0.869606
0.158398
0.962381
0.443981
0.989768
0.29006
0.963006
0.370186
0.14874
0.168314
0.58351
0.337784
0.448173
0.870808
0.625484
0.243421
0.796486
0.138393
0.902735
0.495445
0.648105
0.115702
0.886119
0.576627
0.604481
0.711293
0.67412
0.539259
0.352324
0.812488
0.734149
0.0423064
0.662695
0.87791
0.652578
0.144226
0.82159
0.558235
0.765708
0.365137
0.949003
0.903045
0.615019
0.0342902
0.712776
0.793901
0.0178137
0.454649
0.706926
0.75157
0.230159
0.94054
0.0814474
0.224899
0.939152
0.554601
0.134014
0.548869
0.332638
0.294307
0.278846
0.91411
0.482725
0.422475
0.747527
0.0320492
0.687548
0.835446
0.545815
0.00524716
0.463512
0.742671
0.954485
0.853505
0.80495
0.642909
0.458296
0.830318
0.423064
0.905436
0.275862
0.740325
0.046051
0.277308
0.309912
0.557448
0.400138
0.670752
0.897095
0.51731
0.998782
0.182424
0.345198
0.670966
0.259967
0.967313
0.0973571
0.59719
0.361138
0.154131
0.104844
0.150358
0.455444
0.556796
0.383937
0.863348
0.655934
0.448405
0.527063
0.875261
0.479244
0.0931627
0.809631
0.393981
0.10454
0.631042
0.217882
0.862481
0.847132
0.349437
0.810249
0.0836976
0.224403
0.562193
0.816543
0.369211
0.0289255
0.94857
0.821289
0.58608
0.788166
0.300431
0.49347
0.00862843
0.73627
0.468484
0.0150306
0.79513
0.877221
0.569309
0.28163
0.630457
0.0890503
0.70604
0.00093604
0.252956
0.873769
0.798769
0.354205
0.475833
0.579833
0.93352
0.166375
0.601776
0.185114
0.824779
0.684541
0.530233
0.829713
0.233611
0.58035
0.381923
0.523049
0.210457
0.472067
0.0638375
0.662987
0.607638
0.443063
0.397625
0.375192
0.695382
0.870976
0.294944
0.120351
0.480558
0.742606
0.360034
0.807781
0.260711
0.364988
0.104276
0.863165
0.231135
0.741084
0.72278
0.0335976
0.537439
0.524793
0.122655
0.107332
0.749363
0.104207
0.284311
0.0873543
0.00562078
0.183462
0.747923
0.207385
0.476301
0.322471
0.145132
0.125405
0.0213332
0.91974
0.210826
0.0220455
0.694153
0.10171
0.887714
0.0829663
0.118331
0.389122
0.965939
0.287297
0.270303
0.572838
0.990873
0.599233
0.498518
0.785173
0.898003
0.281439
0.269131
0.0590396
0.00780914
0.542532
0.818917
0.836819
0.0120213
0.027838
0.159669
0.481292
0.89075
0.196021
0.048846
0.139574
0.762503
0.0549328
0.417558
0.211176
0.728202
0.459959
0.777511
0.811628
0.605036
0.219162
0.201186
0.254905
0.223365
0.919355
0.98968
0.0680366
0.563852
0.288987
0.0573465
0.913822
0.51203
0.363709
0.180828
0.884337
0.359978
0.61602
0.039052
0.187997
0.691717
0.798254
0.574799
0.780462
0.209359
0.539106
0.158512
0.430608
0.846826
0.32687
0.323095
0.586592
0.180704
0.344663
0.320433
0.796075
0.317147
0.219696
0.148201
0.779888
0.414802
0.936467
0.402199
0.513295
0.458877
0.347118
0.0862424
0.514036
0.79283
0.738368
0.640504
0.904558
0.792727
0.293066
0.255988
0.941547
0.881839
0.0986139
0.505884
0.820654
0.486566
0.559027
0.754387
0.303965
0.964326
0.487951
0.328895
0.0977998
0.891584
0.98904
0.240066
0.809151
0.894999
0.769366
0.323548
0.197331
0.407471
0.50407
0.196992
0.858625
0.0581611
0.817077
0.699613
0.524581
0.796437
0.95586
0.23544
0.780995
0.496391
0.632783
0.913958
0.935504
0.378343
0.220964
0.78449
0.888212
0.522799
0.400078
0.173773
0.142496
0.737837
0.274497
0.153288
0.563327
0.0823372
0.542719
0.278662
0.577852
0.348848
0.314524
0.899999
0.820833
0.988456
0.0101369
0.298331
0.635888
0.413359
0.482361
0.186255
0.039357
0.12237
0.899476
0.852629
0.375872
0.577017
0.755041
0.269352
0.188022
0.0352787
0.071845
0.0307249
0.381335
0.585993
0.874305
0.493687
0.561505
0.69128
0.146905
0.816918
0.917856
0.864231
0.581938
0.40655
0.395476
0.52944
0.347461
0.741665
0.83633
0.936132
0.384607
0.224351
0.374385
0.782469
0.420968
0.478864
0.178768
0.165237
0.667816
0.28907
0.987886
0.461837
0.528397
0.0598181
0.106097
0.872099
0.909618
0.130867
0.958913
0.40348
0.133904
0.622158
0.825044
0.384036
0.72876
0.277206
0.805984
0.269156
0.811911
0.88365
0.690031
0.252294
0.0779322
0.281133
0.022721
0.914651
0.199497
0.818853
0.0424807
0.39303
0.657519
0.0233295
0.570469
0.797661
0.0148947
0.915019
0.204453
0.81823
0.210974
0.992252
0.532937
0.314892
0.401446
0.821331
0.512674
0.557127
0.589924
0.83927
0.892334
0.446795
0.520795
0.363346
0.0463762
0.515161
0.00449476
0.259294
0.242032
0.193239
0.727638
0.169649
0.338641
0.640269
0.125642
0.970061
0.252482
0.413987
0.404294
0.866219
0.964912
0.602868
0.865188
0.354772
0.679463
0.70513
0.601833
0.973918
0.763422
0.0146014
0.592096
0.60727
0.863909
0.664143
0.790878
0.712285
0.817806
0.93384
0.206062
0.518716
0.599357
0.114082
0.134387
0.579351
0.813932
0.582023
0.479272
0.937041
0.447014
0.0781486
0.129741
0.0902557
0.621487
0.447525
0.00895095
0.169909
0.603273
0.517359
0.40213
0.545353
0.340641
0.235703
0.709255
0.830539
0.627359
0.638886
0.108038
0.124097
0.121772
0.187284
0.860154
0.74227
0.44735
0.543666
0.260214
0.0415679
0.169876
0.627353
0.640563
0.0888444
0.718693
0.575618
0.893445
0.115725
0.513566
0.623274
0.709983
0.4805
0.0269634
0.559977
0.528789
0.330725
0.100939
0.453152
0.401471
0.875786
0.239859
0.476578
0.472684
0.674336
0.966773
0.0243873
0.95463
0.732884
0.989199
0.853213
0.750343
0.781194
0.385257
0.546124
0.854483
0.614152
0.740064
0.662817
0.83511
0.560477
0.502673
0.501924
0.494465
0.102456
0.511589
0.199257
0.110064
0.545742
0.348876
0.759183
0.673054
0.535484
0.290237
0.230808
0.715065
0.430708
0.238822
0.815814
0.606448
0.628043
0.572271
0.309419
0.919894
0.885941
0.353003
0.297768
0.912789
0.217782
0.780386
0.813926
0.414504
0.9069
0.451643
0.145005
0.0530781
0.473615
0.304863
0.0734912
0.192544
0.123985
0.00517265
0.942999
0.714448
0.940992
0.467718
0.320823
0.140761
0.556928
0.818463
0.789402
0.0484561
0.390993
0.891628
0.137031
0.192141
0.859205
0.519183
0.268222
0.24137
0.502507
0.700158
0.991256
0.885719
0.73482
0.579761
0.0104168
0.647015
0.98377
0.00566947
0.76553
0.949956
0.512996
0.435236
0.227226
0.350862
0.472469
0.0149934
0.0985555
0.842675
0.926723
0.987469
0.648433
0.732914
0.823758
0.641879
0.630607
0.580419
0.682903
0.582636
0.739663
0.936647
0.0725167
0.775645
0.750498
0.47529
0.629264
0.0295948
0.170988
0.459225
0.144054
0.631116
0.208072
0.0651086
0.903959
0.329963
0.734542
0.775219
0.699544
0.920988
0.125258
0.399899
0.891465
0.430527
0.530051
0.977767
0.497415
0.328386
0.457783
0.286744
0.336292
0.950108
0.0132754
0.270326
0.84259
0.186329
0.116847
0.213298
0.535741
0.491128
0.427343
0.105465
0.645334
0.8618
0.279594
0.888996
0.472027
0.611421
0.588499
0.429034
0.623019
0.148312
0.873407
0.558144
0.798651
0.124538
0.70875
0.42615
0.336896
0.754851
0.0221554
0.281456
0.454874
0.908067
0.279519
0.535425
0.626229
0.0146811
0.339125
0.726317
0.348281
0.802498
0.105941
0.778541
0.92214
0.696511
0.920929
0.0589427
0.602489
0.626618
0.639909
0.729727
0.474922
0.866136
0.170584
0.642846
0.444285
0.717004
0.445385
0.373721
0.0257051
0.0158298
0.0026174
0.363728
0.681023
0.614958
0.28105
0.296974
0.150309
0.501803
0.597991
0.429542
0.546509
0.940843
0.925777
0.566838
0.722873
0.945319
0.80844
0.254045
0.245417
0.0345222
0.366811
0.920329
0.179989
0.314932
0.825907
0.271079
0.647999
0.10462
0.468394
0.513
0.485597
0.205459
0.879476
0.598823
0.934532
0.129527
0.577568
0.842352
0.690878
0.529784
0.912201
0.416976
0.984873
0.503931
0.833399
0.743367
0.796286
0.39434
0.867134
0.794073
0.355398
0.910061
0.0735601
0.348415
0.637615
0.121129
0.144306
0.780583
0.963497
0.920062
0.0695316
0.0883133
0.010502
0.237447
0.758552
0.0197759
0.497887
0.708031
0.119905
0.858346
0.617212
0.673879
0.360285
0.858457
0.893718
0.290018
0.956367
0.403281
0.329775
0.47195
0.940942
0.143519
0.770407
0.0895964
0.266751
0.68196
0.748406
0.313357
0.99151
0.271191
0.855173
0.777763
0.390319
0.699019
0.826329
0.143313
0.76403
0.380827
0.495892
0.0554063
0.569104
0.159508
0.491173
0.130593
0.979721
0.253665
0.913039
0.538558
0.524071
0.508426
0.626808
0.304606
0.812008
0.557702
0.576673
0.870514
0.451784
0.345397
0.410868
0.360002
0.697698
0.211736
0.507625
0.412306
0.173757
0.315901
0.00567791
0.822076
0.00370371
0.106273
0.63399
0.125561
0.33728
0.205554
0.546533
0.990039
0.896301
0.837266
0.734762
0.778575
0.73606
0.713748
0.250394
0.458045
0.0646397
0.152228
0.699219
0.554668
0.716469
0.794423
0.519019
0.777013
0.0504619
0.412163
0.68524
0.262995
0.0569216
0.708676
0.0865925
0.0501751
0.367455
0.473254
0.565331
0.848102
0.719399
0.189916
0.068131
0.117995
0.432551
0.401116
0.841183
0.118349
0.71422
0.896799
0.0314797
0.57922
0.98095
0.791244
0.585078
0.39378
0.175414
0.8219
0.404153
0.648915
0.894945
0.415859
0.833465
0.717746
0.43905
0.407318
0.583808
0.486278
0.930039
0.872692
0.984343
0.724217
0.796968
0.0205766
0.0806503
0.343379
0.498894
0.579605
0.702731
0.283369
0.228933
0.522963
0.978861
0.798509
0.497579
0.732147
0.214771
0.984326
0.306821
0.980739
0.316793
0.726755
0.393646
0.814869
0.204988
0.00748894
0.220763
0.0842264
0.896649
0.786107
0.165681
0.350209
0.240042
0.583517
0.727444
0.513559
0.243363
0.333209
0.890546
0.399745
0.677053
0.325935
0.566389
0.39954
0.67537
0.395606
0.358398
0.612493
0.455934
0.937403
0.316476
0.56367
0.843229
0.690276
0.130567
0.0341232
0.688715
0.325845
0.927152
0.0385984
0.945679
0.158281
0.504433
0.806942
0.265302
0.675644
0.30865
0.320761
0.471757
0.746808
0.834528
0.0230031
0.200046
0.16151
0.781841
0.75304
0.527871
0.838169
0.117517
0.303786
0.246491
0.723171
0.897592
0.933378
0.675358
0.620035
0.467314
0.230562
0.629195
0.593242
0.0467726
0.408797
0.0874711
0.108549
0.0200248
0.932267
0.699152
0.692019
0.0690572
0.50345
0.405011
0.930437
0.354977
0.999812
0.422124
0.716508
0.43363
0.215928
0.156728
0.961483
0.565449
0.218418
0.692014
0.576499
0.862767
0.336318
0.452253
0.624289
0.533034
0.860441
0.390713
0.936476
0.952052
0.0293385
0.764612
0.559443
0.591349
0.449342
0.255852
0.379833
0.256328
0.032078
0.126071
0.912068
0.722009
0.936909
0.410065
0.206498
0.034357
0.591861
0.993401
0.796875
0.651209
0.220144
0.586533
0.434105
0.785066
0.874062
0.776121
0.670042
0.0991038
0.141999
0.393167
0.0397345
0.738419
0.218689
0.903477
0.39382
0.755844
0.0952109
0.440191
0.526333
0.304089
0.69582
0.464459
0.620927
0.883067
0.377112
0.381899
0.537542
0.145159
0.52698
0.254846
0.738879
0.0626659
0.354183
0.608787
0.182472
0.89416
0.0459078
0.894498
0.60341
0.0833102
0.600769
0.941089
0.273619
0.602735
0.621085
0.274262
0.0424389
0.364747
0.298774
0.9071
0.450024
0.278916
0.526303
0.442828
0.736321
0.23644
0.144953
0.79091
0.474679
0.635387
0.407589
0.936882
0.966557
0.931275
0.360554
0.298873
0.661775
0.808957
0.0478346
0.670085
0.825553
0.350278
0.873125
0.538149
0.207311
0.0146003
0.509422
0.412209
0.0152728
0.130761
0.344445
0.288363
0.820591
0.595658
0.32458
0.011875
0.245012
0.95049
0.832893
0.161822
0.158127
0.00664411
0.0538196
0.506365
0.0196395
0.409929
0.546806
0.552648
0.857583
0.0499885
0.874063
0.727652
0.907496
0.606279
0.035272
0.0144334
0.664953
0.278541
0.85811
0.848521
0.28739
0.888911
0.186033
0.991168
0.185145
0.823939
0.68208
0.780981
0.684793
0.286461
0.224971
0.00467965
0.225672
0.977281
0.749169
0.797426
0.0450615
0.0853603
0.386923
0.222633
0.958588
0.85966
0.212157
0.998977
0.481862
0.87161
0.138864
0.291358
0.233045
0.999417
0.448051
0.191003
0.695985
0.951737
0.718904
0.125324
0.684637
0.0377224
0.154281
0.359512
0.58381
0.695833
0.163214
0.761561
0.842473
0.421233
0.583627
0.713268
0.885444
0.238519
0.558578
0.052298
0.284436
0.655808
0.957118
0.430934
0.0386473
0.345428
0.992082
0.928502
0.324352
0.24747
0.143224
0.314936
0.931065
0.304983
0.375654
0.768228
0.621721
0.26604
0.999947
0.767297
0.640861
0.714432
0.383201
0.110893
0.811568
0.779655
0.124336
0.69415
0.971561
0.152081
0.23054
0.0540819
0.53927
0.232969
0.219641
0.512186
0.315076
0.060411
0.309658
0.171234
0.0558227
0.0773728
0.960746
0.0377729
0.559844
0.875724
0.899531
0.857902
0.446254
0.430617
0.391778
0.514736
0.652088
0.031245
0.759085
0.682655
0.158969
0.0523127
0.498152
0.296937
0.589072
0.543887
0.528116
0.702673
0.585712
0.998938
0.707579
0.562312
0.393601
0.999936
0.268225
0.212063
0.679241
0.444133
0.739401
0.221851
0.468555
0.107785
0.486455
0.472736
0.424521
0.62676
0.011223
0.539411
0.587414
0.956189
0.547241
0.580249
0.720482
0.598699
0.989546
0.558986
0.860724
0.43851
0.881935
0.677519
0.993642
0.159792
0.208396
0.152965
0.610254
0.683858
0.429701
0.170764
0.860459
0.243838
0.502422
0.154241
0.567934
0.923634
0.713185
0.535223
0.983192
0.1207
0.856571
0.125253
0.667071
0.496507
0.216939
0.451569
0.322353
0.570771
0.183037
0.219414
0.181526
0.543306
0.633175
0.791578
0.258294
0.42841
0.185892
0.425319
0.948757
0.355617
0.218144
0.265848
0.678643
0.277246
0.774961
0.182893
0.00633524
0.315464
0.581071
0.508363
0.532252
0.301517
0.762485
0.719428
0.895241
0.383659
0.423385
0.889664
0.0278796
0.0488654
0.25687
0.458477
0.342334
0.948985
0.734937
0.92682
0.26905
0.119046
0.386569
0.093892
0.0630315
0.0506597
0.0546445
0.973442
0.981749
0.604278
0.329899
0.783819
0.911948
0.902215
0.347555
0.591621
0.182888
0.340339
0.0161
0.0317645
0.566371
0.0260768
0.89728
0.497405
0.548615
0.645567
0.722673
0.622327
0.126337
0.691274
0.833225
0.278916
0.235415
0.567035
0.268776
0.0416164
0.116594
0.818964
0.108028
0.751672
0.440014
0.0047963
0.717286
0.845548
0.222261
0.670822
0.993011
0.506873
0.128636
0.766222
0.0788057
0.204962
0.350492
0.524196
0.421575
0.857633
0.334292
0.0546545
0.795424
0.703981
0.588003
0.865817
0.841943
0.00943036
0.346759
0.074577
0.46828
0.762559
0.498207
0.822417
0.143914
0.730652
0.985851
0.346602
0.898819
0.621386
0.502559
0.197425
0.0392537
0.388732
0.0480904
0.925624
0.498662
0.99475
0.695821
0.15023
0.511901
0.946192
0.585273
0.466711
0.441849
0.653104
0.669054
0.169781
0.608281
0.707935
0.907575
0.450816
0.476523
0.786944
0.823476
0.867937
0.737755
0.162949
0.532904
0.361608
0.696999
0.987569
0.80069
0.784922
0.40916
0.608709
0.588279
0.331143
0.282154
0.85903
0.610688
0.395363
0.1458
0.899908
0.808194
0.190938
0.0898216
0.610772
0.68216
0.964387
0.55039
0.472462
0.743185
0.706242
0.806401
0.784765
0.449974
0.75224
0.272968
0.0635762
0.412678
0.747178
0.92185
0.887601
0.1209
0.63502
0.721786
0.304131
0.15514
0.624702
0.199371
0.77065
0.643244
0.941586
0.655494
0.384044
0.146435
0.620779
0.643161
0.636035
0.552079
0.0158413
0.0682444
0.294171
0.0239355
0.36469
0.511246
0.426706
0.78211
0.482565
0.546396
0.94649
0.484385
0.5239
0.460877
0.457419
0.981877
0.751515
0.83015
0.963374
0.291471
0.507533
0.927874
0.930744
0.284108
0.660839
0.211622
0.856594
0.177471
0.756398
0.489547
0.271076
0.392767
0.264855
0.228474
0.716438
0.275682
0.0746236
0.759304
0.237447
0.430155
0.600121
0.973505
0.165796
0.18221
0.152901
0.303753
0.801816
0.442748
0.34658
0.774805
0.408562
0.336578
0.165921
0.546305
0.214049
0.0242006
0.657232
0.516268
0.341831
0.00740891
0.965801
0.693658
0.435293
0.951926
0.291337
0.429815
0.138103
0.531397
0.68606
0.664391
0.921916
0.503533
0.357621
0.333584
0.761053
0.817502
0.102482
0.468313
0.524417
0.623406
0.641478
0.220064
0.443302
0.0516256
0.280139
0.920261
0.0245438
0.436105
0.144751
0.491486
0.916577
0.275977
0.412948
0.294884
0.264707
0.368482
0.0331606
0.440323
0.973019
0.00436911
0.273457
0.955422
0.0107876
0.723576
0.21978
0.560516
0.885537
0.0682085
0.761395
0.992809
0.431332
0.342771
0.0939096
0.333772
0.104733
8.0307e-05
0.408099
0.198508
0.817622
0.902433
0.0288913
0.577682
0.111053
0.228321
0.909303
0.0238306
0.918673
0.0909217
0.686313
0.510157
0.276804
0.380797
0.507989
0.183323
0.681458
0.74155
0.316829
0.556921
0.183989
0.329673
0.124554
0.699326
0.275837
0.774879
0.511411
0.248522
0.520439
0.594987
0.751292
0.851943
0.162091
0.383003
0.208245
0.360206
0.450717
0.403464
0.535804
0.628652
0.765797
0.687927
0.918023
0.441154
0.331864
0.00258164
0.855592
0.240123
0.472576
0.747778
0.420153
0.983497
0.919198
0.0416547
0.963589
0.213476
0.0409066
0.129985
0.996551
0.483352
0.259734
0.125403
0.359356
0.514606
0.949634
0.289408
0.00197307
0.414489
0.504997
0.194147
0.607034
0.573377
0.161628
0.684547
0.877837
0.71474
0.0840892
0.746011
0.429365
0.966731
0.662493
0.200568
0.056683
0.489962
0.956622
0.351853
0.629757
0.955562
0.200275
0.135756
0.161444
0.664268
0.204373
0.367194
0.957891
0.255275
0.690766
0.475632
0.873884
0.903863
0.179797
0.0142531
0.7798
0.165922
0.735998
0.549171
0.245466
0.281747
0.501215
0.0801108
0.645956
0.133584
0.800381
0.925841
0.599393
0.646274
0.937766
0.437173
0.415221
0.102025
0.958798
0.398184
0.232445
0.345324
0.361124
0.42411
0.0822092
0.520141
0.109047
0.97795
0.262572
0.619369
0.300802
0.552459
0.699752
0.622642
0.753849
0.545611
0.12275
0.675787
0.845439
0.0147806
0.624242
0.753598
0.245864
0.785733
0.626907
0.745342
0.596755
0.957154
0.166123
0.0984661
0.642958
0.80751
0.476933
0.565519
0.562571
0.552229
0.269092
0.623136
0.737916
0.13492
0.0839496
0.302635
0.36109
0.570509
0.705468
0.211687
0.81298
0.056889
0.320068
0.122967
0.604765
0.0659226
0.269759
0.291086
0.841215
0.504488
0.340252
0.356554
0.6111
0.0777194
0.845521
0.161991
0.486392
0.525206
0.573762
0.670711
0.785438
0.00933986
0.518375
0.746451
0.530461
0.23266
0.127198
0.861441
0.879235
0.214655
0.301884
0.404172
0.79796
0.677556
0.163169
0.0220598
0.705185
0.0486441
0.634889
0.501964
0.457033
0.816706
0.252094
0.854953
0.627956
0.724846
0.159631
0.747993
0.110136
0.0917436
0.293393
0.720888
0.723187
0.473089
0.243015
0.0237951
0.680447
0.603474
0.794074
0.227551
0.214938
0.818404
0.0204443
0.306883
0.509849
0.0212007
0.937471
0.692762
0.0141415
0.290176
0.963387
0.325507
0.489249
0.862144
0.391958
0.960436
0.515975
0.0622363
0.208741
0.178679
0.616628
0.493317
0.32833
0.930957
0.0775457
0.0551853
0.223795
0.156235
0.578062
0.245012
0.340958
0.51296
0.765086
0.145407
0.395919
0.315722
0.367415
0.28614
0.86781
0.891532
0.0158065
0.987222
0.106366
0.417219
0.2663
0.789543
0.608368
0.41286
0.450874
0.294443
0.168429
0.102895
0.513032
0.0484424
0.6013
0.722828
0.150721
0.14494
0.073069
0.00198377
0.32752
0.0617229
0.73959
0.802703
0.095053
0.449171
0.236675
0.806751
0.560756
0.87204
0.385067
0.672869
0.26399
0.948024
0.838348
0.383785
0.702131
0.49598
0.685836
0.253808
0.375307
0.398194
0.360811
0.955536
0.263487
0.369316
0.658013
0.564493
0.874366
0.342551
0.427241
0.515833
0.45134
0.893889
0.120577
0.613489
0.777366
0.658995
0.944353
0.324375
0.66104
0.995579
0.423803
0.939725
0.492087
0.398955
0.846758
0.965669
0.994648
0.501186
0.929585
0.665952
0.509662
0.151958
0.342054
0.48514
0.212651
0.793334
0.996636
0.608751
0.241691
0.215282
0.895593
0.64608
0.342991
0.907209
0.169755
0.521
0.296877
0.185186
0.556861
0.240446
0.667263
0.505223
0.285662
0.187026
0.324756
0.680298
0.571121
0.387198
0.775588
0.843238
0.468982
0.171555
0.58542
0.780004
0.172847
0.819647
0.366414
0.0871023
0.460161
0.218724
0.61254
0.425733
0.572012
0.106347
0.965896
0.372484
0.261643
0.285713
0.844946
0.910176
0.153705
0.509516
0.491289
0.912044
0.805517
0.637561
0.270756
0.31404
0.848096
0.00955683
0.241122
0.0354505
0.124456
0.135199
0.233664
0.0611286
0.733431
0.365238
0.365066
0.747525
0.811474
0.799455
0.649833
0.849409
0.387578
0.220117
0.137632
0.0505065
0.177802
0.37728
0.642632
0.417029
0.102796
0.0702508
0.531978
0.619971
0.294982
0.0678945
0.406698
0.352316
0.145443
0.939313
0.332449
0.740281
0.783985
0.409796
0.416662
0.727769
0.81819
0.470877
0.161022
0.439322
0.447468
0.270956
0.884888
0.811161
0.194874
0.544481
0.0956383
0.789344
0.681891
0.781811
0.0807452
0.51989
0.381453
0.993756
0.931918
0.337386
0.798216
0.623958
0.997377
0.656608
0.989883
0.570175
0.0174788
0.844858
0.390734
0.58677
0.760457
0.70859
0.917057
0.808266
0.504906
0.770229
0.972563
0.812084
0.114193
0.525239
0.0709768
0.292019
0.620378
0.37323
0.201955
0.591792
0.835912
0.954062
0.149066
0.739991
0.447192
0.475548
0.590392
0.672481
0.338093
0.419655
0.139842
0.152526
0.188771
0.525635
0.619961
0.121113
0.624631
0.00796615
0.439888
0.992327
0.998167
0.381073
0.134809
0.097658
0.261987
0.956453
0.375857
0.263226
0.914131
0.463587
0.600496
0.742594
0.350833
0.264177
0.0827955
0.49034
0.967791
0.238144
0.972817
0.977886
0.321328
0.0916405
0.831254
0.917846
0.608569
0.357737
0.0749181
0.377335
0.97675
0.94337
0.746968
0.542143
0.601978
0.0836324
0.272689
0.925732
0.726794
0.248391
0.416889
0.25171
0.32433
0.699916
0.431772
0.995266
0.684512
0.188818
0.192351
0.185316
0.55539
0.151544
0.215569
0.0144838
0.388823
0.546974
0.502292
0.657795
0.966847
0.979801
0.78376
0.720254
0.146232
0.665125
0.67049
0.978487
0.677358
0.463662
0.0229217
0.753456
0.352798
0.0835392
0.558124
0.539562
0.886069
0.366557
0.149538
0.984188
0.928531
0.947505
0.940837
0.081328
0.475292
0.397491
0.20765
0.624678
0.49292
0.254793
0.439944
0.875228
0.340362
0.470088
0.126628
0.260149
0.144376
0.44357
0.0583191
0.813316
0.600913
0.919904
0.0195806
0.658971
0.198946
0.631068
0.360321
0.65981
0.24722
0.578426
0.800051
0.500855
0.685832
0.912144
0.0904381
0.664395
0.269299
0.821713
0.128163
0.984942
0.111154
0.185615
0.823906
0.291153
0.525283
0.454619
0.956838
0.728496
0.94849
0.936659
0.940826
0.261492
0.759722
0.022604
0.900672
0.802204
0.733055
0.244424
0.57245
0.10721
0.29396
0.909899
0.643783
0.631508
0.436214
0.686064
0.6407
0.750521
0.292617
0.0046222
0.492179
0.179416
0.573424
0.0322474
0.0456951
0.245726
0.0931027
0.907122
0.2514
0.111601
0.0950653
0.648175
0.538992
0.50371
0.925633
0.510006
0.157573
0.139834
0.800023
0.653484
0.587148
0.0115171
0.486767
0.111493
0.766671
0.105113
0.539548
0.161322
0.816032
0.505039
0.598897
0.605044
0.959475
0.203728
0.850961
0.615583
0.679485
0.0966932
0.680631
0.372575
0.783166
0.839662
0.489167
0.962532
0.933143
0.0405719
0.213178
0.33809
0.359806
0.521983
0.554277
0.59881
0.445349
0.984531
0.527479
0.59416
0.318554
0.711742
0.522399
0.48807
0.144565
0.125064
0.392101
0.117796
0.28813
0.438093
0.696922
0.346703
0.874749
0.794114
0.580645
0.751108
0.491227
0.816005
0.350752
0.502654
0.535086
0.902458
0.574892
0.725981
0.963328
0.355969
0.412993
0.578041
0.636922
0.0313412
0.288518
0.799465
0.347821
0.478291
0.269407
0.414587
0.864185
0.852271
0.134615
0.491968
0.635522
0.77401
0.613433
0.553786
0.0235377
0.456101
0.184561
0.289372
0.0924376
0.222872
0.512282
0.479671
0.0785682
0.933835
0.180963
0.466316
0.152837
0.605229
0.892664
0.118628
0.0797849
0.204181
0.261745
0.295576
0.181052
0.523023
0.433225
0.825831
0.22808
0.810109
0.349757
0.315044
0.725371
0.42106
0.113639
0.223576
0.167691
0.713659
0.948938
0.843553
0.311604
0.516602
0.581598
0.54087
0.636766
0.629952
0.892341
0.787663
0.0288799
0.234567
0.5386
0.0542881
0.321343
0.808978
0.583591
0.00332164
0.223646
0.318184
0.141821
0.87188
0.526133
0.0601749
0.876981
0.553936
0.958198
0.390876
0.826367
0.758544
0.247361
0.21609
0.247051
0.00142495
0.415879
0.183171
0.994635
0.0245121
0.330285
0.360386
0.702506
0.589532
0.347758
0.19189
0.405332
0.52857
0.128911
0.0463992
0.444541
0.410579
0.301513
0.904421
0.484356
0.632755
0.902532
0.74732
0.0784807
0.594604
0.772737
0.175639
0.536016
0.33233
0.956809
0.297909
0.329456
0.257917
0.316011
0.512747
0.270738
0.986842
0.894657
0.739302
0.86235
0.421689
0.655433
0.857951
0.0531679
0.861631
0.417279
0.25837
0.940521
0.297474
0.383126
0.984595
0.168156
0.664154
0.0912982
0.312953
0.686858
0.904052
0.737051
0.131119
0.567961
0.400818
0.00491642
0.594094
0.680652
0.502008
0.5977
0.460269
0.260643
0.239602
0.118037
0.864513
0.708677
0.973593
0.55699
0.777912
0.265412
0.0158168
0.149701
0.850339
0.0316436
0.152093
0.176594
0.126449
0.408446
0.748094
0.0248402
0.404338
0.0337074
0.441493
0.597731
0.704483
0.297748
0.245556
0.768654
0.828679
0.484802
0.987336
0.988795
0.207095
0.924172
0.926909
0.26009
0.766674
0.219557
0.926222
0.421649
0.806817
0.647386
0.728026
0.695706
0.456105
0.712541
0.415592
0.919563
0.165171
0.623276
0.0559975
0.793737
0.733109
0.526598
0.990775
0.322354
0.70718
0.22679
0.0210468
0.436453
0.968181
0.516679
0.324984
0.975707
0.996467
0.413128
0.703844
0.0492676
0.515777
0.904097
0.0825013
0.692306
0.690916
0.220935
0.780757
0.248036
0.60254
0.900164
0.0819958
0.132356
0.506079
0.883423
0.670983
0.461759
0.548315
0.749211
0.9312
0.338249
0.422224
0.990909
0.841819
0.236419
0.981017
0.32228
0.679252
0.655826
0.745519
0.101579
0.780785
0.45708
0.391437
0.838135
0.386647
0.919897
0.477303
0.304381
0.103394
0.844471
0.336157
0.147506
0.270363
0.995359
0.0564952
0.756713
0.106954
0.795327
0.525656
0.435056
0.211448
0.0781777
0.385989
0.408823
0.0635234
0.29465
0.161244
0.950357
0.566177
0.472214
0.987714
0.324432
0.705234
0.627074
0.626291
0.726777
0.991491
0.273707
0.701605
0.566375
0.757996
0.590694
0.466935
0.270864
0.208662
0.703909
0.262461
0.146301
0.469519
0.0527962
0.875235
0.366333
0.270957
0.550788
0.183806
0.752347
0.0435986
0.0949798
0.805187
0.817556
0.596229
0.387416
0.589114
0.299121
0.398173
0.567682
0.0267097
0.888817
0.761441
0.853585
0.649139
0.746461
0.914345
0.0340926
0.668768
0.916848
0.636436
0.0908258
0.508144
0.0986579
0.303308
0.554405
0.675486
0.280905
0.84376
0.903997
0.729476
0.721099
0.808034
0.489169
0.435492
0.729088
0.557559
0.962829
0.134732
0.989139
0.326147
0.752927
0.209469
0.461696
0.528891
0.365311
0.701693
0.235874
0.725133
0.95213
0.516602
0.149949
0.428899
0.0462031
0.538374
0.497015
0.0684935
0.561159
0.296943
0.883713
0.792908
0.67974
0.441035
0.151947
0.907821
0.775798
0.00150308
0.514503
0.203379
0.277502
0.457043
0.130809
0.609799
0.677682
0.00902638
0.336367
0.79003
0.0258254
0.0359561
0.617732
0.678326
0.898874
0.198788
0.813579
0.426326
0.114417
0.130496
0.924571
0.993697
0.266833
0.137422
0.927577
0.84511
0.666958
0.0425331
0.719902
0.540377
0.0382726
0.662732
0.974185
0.482406
0.0347689
0.0162845
0.066345
0.765116
0.0935713
0.0252593
0.144174
0.537857
0.987834
0.393557
0.556624
0.283167
0.677688
0.431263
0.0541342
0.0271086
0.805698
0.477733
0.932395
0.652569
0.231541
0.459926
0.366516
0.159512
0.692981
0.634155
0.292922
0.241269
0.50945
0.940812
0.907468
0.806747
0.391779
0.0643261
0.97012
0.467868
0.463348
0.789551
0.678422
0.638551
0.595142
0.0800963
0.0958014
0.467556
0.451238
0.298149
0.514397
0.83938
0.637705
0.885454
0.424675
0.849127
0.0468763
0.217197
0.296295
0.886676
0.716878
0.890934
0.609054
0.296594
0.679474
0.0210268
0.322448
0.554674
0.750623
0.735981
0.0758356
0.385181
0.151425
0.0971137
0.287735
0.0429845
0.441201
0.904373
0.944186
0.988791
0.406165
0.824081
0.0164816
0.721152
0.286062
0.961341
0.27164
0.666702
0.848599
0.136022
0.133906
0.692601
0.742069
0.290612
0.888599
0.405853
0.389347
0.66161
0.904797
0.67386
0.179258
0.22026
0.289987
0.968965
0.889986
0.709178
0.316554
0.318228
0.0250957
0.374551
0.894321
0.202549
0.368273
0.860399
0.995316
0.322927
0.4603
0.838058
0.853634
0.152099
0.893524
0.171596
0.339951
0.969527
0.744136
0.0713291
0.53561
0.580387
0.968182
0.139997
0.144564
0.14344
0.543427
0.635134
0.940035
0.665744
0.586715
0.300771
0.839401
0.909611
0.926136
0.769565
0.805631
0.50379
0.722387
0.529437
0.657719
0.804037
0.878651
0.400027
0.731668
0.227467
0.788289
0.599949
0.974724
0.525572
0.0336277
0.0815479
0.627506
0.388682
0.828302
0.0449904
0.932574
0.0180708
0.274657
0.0849595
0.0153889
0.792113
0.76993
0.542968
0.377364
0.159617
0.680072
0.398347
0.667463
0.231889
0.711935
0.229796
0.116297
0.0686198
0.194053
0.554431
0.758972
0.989332
0.638672
0.567836
0.497343
0.474834
0.291158
0.999246
0.865694
0.0626354
0.221763
0.677506
0.639539
0.946694
0.810178
0.226215
0.549202
0.288126
0.341088
0.706659
0.0778203
0.362183
0.992284
0.604856
0.886384
0.766371
0.0999478
0.396871
0.145322
0.363528
0.158691
0.874485
0.865371
0.660287
0.789241
0.921698
0.425563
0.551891
0.313712
0.885103
0.80892
0.674841
0.593947
0.77434
0.477347
0.862338
0.377609
0.784742
0.277644
0.178357
0.332565
0.604371
0.126204
0.553051
0.326592
0.365608
0.480826
0.303812
0.646458
0.544963
0.982274
0.90545
0.899964
0.483235
0.622468
0.648333
0.0797287
0.063259
0.470914
0.367539
0.149791
0.675844
0.756354
0.0143798
0.513225
0.212051
0.826475
0.421485
0.666534
0.303038
0.0146089
0.72559
0.870804
0.846503
0.103291
0.421689
0.393303
0.46979
0.401393
0.491256
0.609448
0.854835
0.520434
0.718353
0.522649
0.762765
0.09563
0.582465
0.0489198
0.683307
0.170441
0.408428
0.83856
0.874299
0.123607
0.554507
0.894369
0.14005
0.110065
0.164592
0.9848
0.949068
0.772547
0.286076
0.713245
0.517443
0.719432
0.722846
0.0292582
0.298948
0.624048
0.0205238
0.163298
0.664872
0.771305
0.553208
0.232678
0.753068
0.855892
0.404381
0.368868
0.699705
0.235927
0.922836
0.731412
0.168558
0.389178
0.0346958
0.682329
0.503039
0.406462
0.573256
0.104635
0.611343
0.775597
0.478422
0.0123519
0.864252
0.302832
0.191881
0.591179
0.241016
0.251808
0.146933
0.625737
0.28377
0.224165
0.284205
0.0983315
0.199957
0.561663
0.316962
0.162281
0.253357
0.39396
0.817005
0.198529
0.543274
0.707726
0.235918
0.60143
0.343792
0.560119
0.559387
0.796714
0.828097
0.0279736
0.523088
0.850793
0.692199
0.612581
0.379479
0.368175
0.0754266
0.641979
0.235766
0.336177
0.555729
0.280143
0.0189683
0.125821
0.394421
0.62355
0.0119325
0.868938
0.508387
0.973735
0.135118
0.695058
0.62924
0.891629
0.422549
0.725957
0.455249
0.362516
0.527738
0.293756
0.764458
0.743217
0.534124
0.947857
0.379308
0.0461489
0.40118
0.67941
0.249755
0.0803879
0.777898
0.793505
0.719824
0.391942
0.986914
0.606061
0.449396
0.286013
0.288005
0.709791
0.476778
0.804084
0.496806
0.380343
0.969436
0.284429
0.10332
0.470508
0.40939
0.976806
0.949776
0.223813
0.00582836
0.961292
0.25275
0.980294
0.549208
0.175575
0.94281
0.088783
0.226275
0.971115
0.488684
0.770831
0.887291
0.892417
0.25966
0.653468
0.882859
0.898252
0.545763
0.654952
0.866639
0.971882
0.178551
0.526341
0.594803
0.61524
0.432312
0.76214
0.619842
0.358465
0.549781
0.850256
0.817845
0.692994
0.0897119
0.53719
0.281685
0.244068
0.829665
0.250882
0.982587
0.892327
0.258395
0.380303
0.814605
0.0374939
0.568033
0.201714
0.33763
0.246469
0.624093
0.290716
0.100351
0.417471
0.825053
0.217348
0.578531
0.546814
0.0062582
0.754353
0.641427
0.110239
0.621179
0.519644
0.206372
0.698239
0.517568
0.236245
0.503047
0.401564
0.923414
0.891581
0.136057
0.525927
0.155908
0.0162041
0.681854
0.666187
0.00641519
0.900861
0.355223
0.381799
0.712662
0.857525
0.236483
0.208727
0.233009
0.766227
0.366358
0.734466
0.408076
0.651295
0.682759
0.33885
0.73828
0.682653
0.757858
0.160156
0.914384
0.753155
0.652572
0.75984
0.614799
0.354853
0.117411
0.877872
0.450086
0.965312
0.345752
0.372865
0.312437
0.188608
0.722682
0.632158
0.312366
0.628109
0.1448
0.738678
0.885682
0.710495
0.693085
0.865429
0.245533
0.592384
0.23589
0.680584
0.381615
0.00394055
0.0194704
0.627622
0.0907878
0.414408
0.665967
0.484245
0.257106
0.0992008
0.960579
0.197149
0.564125
0.504251
0.605333
0.738286
0.0786527
0.116178
0.165509
0.366359
0.52619
0.102391
0.730747
0.266159
0.676425
0.424108
0.0380828
0.953602
0.926599
0.831675
0.991288
0.835118
0.248975
0.152149
0.10288
0.329654
0.379983
0.560584
0.484498
0.0923033
0.562527
0.86361
0.988442
0.260665
0.940355
0.909156
0.850208
0.761523
0.770615
0.138765
0.0811628
0.037123
0.801748
0.33716
0.8188
0.229284
0.67918
0.689681
0.801869
0.841894
0.0621346
0.785949
0.994426
0.296647
0.349403
0.815752
0.215071
0.26286
0.297257
0.00793714
0.816598
0.639778
0.924382
0.980148
0.403573
0.168132
0.93028
0.146198
0.618025
0.174333
0.279194
0.235551
0.855526
0.357646
0.553906
0.907705
0.693222
0.629001
0.360291
0.972063
0.833532
0.608462
0.456261
0.73576
0.63485
0.769066
0.255095
0.0870159
0.650553
0.572174
0.62147
0.195825
0.0861951
0.307943
0.649858
0.175858
0.55755
0.616522
0.259628
0.999868
0.950457
0.84708
0.00401257
0.927112
0.691152
0.663821
0.690247
0.664961
0.831188
0.955566
0.108349
0.987764
0.721255
0.221739
0.355926
0.42636
0.528572
0.537651
0.950348
0.00658038
0.100345
0.466507
0.0849441
0.611753
0.788949
0.664432
0.751992
0.798513
0.633023
0.0418389
0.514351
0.666565
0.515372
0.936983
0.410392
0.179895
0.495893
0.763028
0.91507
0.649095
0.652061
0.46826
0.161593
0.374608
0.345376
0.0217023
0.534416
0.745322
0.255049
0.458739
0.441892
0.24552
0.808093
0.263841
0.504419
0.865676
0.281637
0.00695773
0.120648
0.326388
0.788319
0.828274
0.647701
0.447444
0.0572314
0.167557
0.998705
0.266669
0.0086388
0.761594
0.98333
0.373528
0.660355
0.704379
0.682816
0.1269
0.258068
0.105437
0.651455
0.835271
0.850376
0.379442
0.348986
0.489496
0.204533
0.609117
0.229391
0.529626
0.489676
0.355069
0.511542
0.0308399
0.560479
0.146761
0.810089
0.74208
0.101853
0.158596
0.192178
0.999905
0.416608
0.516379
0.309331
0.688429
0.432147
0.420916
0.67975
0.9338
0.662859
0.377291
0.854613
0.741987
0.404889
0.195532
0.421125
0.692511
0.093131
0.809411
0.2106
0.00328841
0.207895
0.501412
0.820388
0.626977
0.80529
0.0600515
0.432661
0.255943
0.375718
0.0369249
0.446106
0.834511
0.796927
0.663374
0.421719
0.516152
0.307481
0.598035
0.814338
0.748772
0.804328
0.538456
0.255337
0.299418
0.837769
0.217906
0.77582
0.827986
0.370951
0.357093
0.872058
0.56143
0.964114
0.377906
0.177827
0.439639
0.240542
0.760337
0.560095
0.00994869
0.893614
0.6452
0.736696
0.598439
0.105125
0.72948
0.955636
0.331377
0.154056
0.750565
0.109251
0.850247
0.362336
0.074881
0.87757
0.282976
0.264561
0.00384655
0.166571
0.198926
0.124441
0.0935152
0.0621655
0.0800086
0.460377
0.561505
0.492545
0.204936
0.77215
0.411036
0.734548
0.401269
0.0747319
0.68419
0.102737
0.821329
0.250476
0.110638
0.207389
0.343039
0.928535
0.743362
0.265197
0.664725
0.547068
0.921754
0.688336
0.539539
0.160505
0.641472
0.595276
0.158401
0.606277
0.738283
0.242546
0.394065
0.501998
0.533546
0.536794
0.151542
0.683593
0.840256
0.160704
0.139129
0.409011
0.618447
0.194691
0.891852
0.636879
0.534826
0.557537
0.494529
0.568969
0.942119
0.950553
0.464321
0.209483
0.414657
0.264246
0.0847362
0.14787
0.626819
0.697732
0.688372
0.316342
0.729434
0.935827
0.27425
0.433739
0.048746
0.516837
0.0885224
0.0859404
0.579643
0.795784
0.262539
0.363643
0.491276
0.807024
0.811614
0.390648
0.198229
0.0206149
0.472906
0.165486
0.940652
0.129992
0.806085
0.186627
0.721136
0.617521
0.916275
0.0945907
0.423485
0.409522
0.0468458
0.705673
0.307037
0.00152888
0.860047
0.234041
0.103565
0.596916
0.0287851
0.617249
0.719289
0.0958424
0.680825
0.38369
0.811935
0.471141
0.419096
0.605691
0.304038
0.640627
0.880855
0.554688
0.719816
0.044344
0.180453
0.964699
0.269553
0.0378851
0.782722
0.702938
0.954755
0.568739
0.401132
0.410513
0.79812
0.774951
0.70001
0.839579
0.926184
0.773441
0.398464
0.300262
0.844695
0.538503
0.426638
0.141951
0.19955
0.75415
0.153867
0.729957
0.733061
0.887874
0.937551
0.393883
0.285845
0.380214
0.798561
0.245058
0.591798
0.292024
0.688514
0.742852
0.453003
0.434281
0.0115194
0.484246
0.811527
0.845098
0.786769
0.78424
0.72901
0.160531
0.816464
0.887824
0.78232
0.779144
0.215934
0.811937
0.810148
0.955687
0.756424
0.484527
0.935119
0.742333
0.876986
0.0956907
0.82467
0.626257
0.300036
0.0181791
0.948978
0.0616699
0.561861
0.819175
0.879455
0.00581507
0.439526
0.486637
0.253367
0.971679
0.866759
0.844251
0.318787
0.811662
0.857262
0.225737
0.430711
0.547547
0.781371
0.395374
0.637422
0.353261
0.348472
0.0290741
0.899064
0.601669
0.125386
0.585302
0.368282
0.646749
0.394283
0.830848
0.539074
0.313831
0.423106
0.765535
0.665787
0.472657
0.537994
0.762425
0.914274
0.290592
0.711153
0.499284
