0.860334
0.66643
0.901048
0.779254
0.569765
0.480042
0.444967
0.724034
0.620453
0.397301
0.162972
0.709328
0.987709
0.783877
0.185569
0.0195821
0.205009
0.842204
0.479753
0.759669
0.989049
0.9596
0.352272
0.870578
0.961718
0.1161
0.605977
0.442487
0.951711
0.201517
0.33082
0.239222
0.0256371
0.124384
0.0880597
0.949827
0.541997
0.733849
0.572936
0.274234
0.563887
0.365549
0.308659
0.697747
0.70987
0.772664
0.912574
0.192251
0.927105
0.164809
0.0290007
0.814933
0.543911
0.100214
0.0723276
0.697843
0.773353
0.74239
0.275301
0.23116
0.976254
0.982894
0.106438
0.860963
0.300017
0.121398
0.611134
0.916917
0.399911
0.743836
0.90947
0.940536
0.537111
0.977829
0.75233
0.708919
0.853945
0.478467
0.0833013
0.306685
0.157847
0.372025
0.41242
0.625939
0.63046
0.261916
0.393152
0.639213
0.801444
0.342543
0.127584
0.664857
0.612591
0.61833
0.0427175
0.523258
0.374627
0.374421
0.72312
0.951399
0.777594
0.657594
0.724207
0.447772
0.74696
0.500802
0.0873606
0.2185
0.451525
0.640775
0.417068
0.877714
0.986729
0.155537
0.885177
0.760847
0.599289
0.40922
0.947494
0.134007
0.609325
0.800481
0.606288
0.809845
0.462797
0.36966
0.152929
0.319965
0.850971
0.761194
0.603787
0.0529924
0.384093
0.437833
0.224177
0.879823
0.635406
0.265945
0.331108
0.570187
0.815411
0.000879701
0.709529
0.873776
0.0370508
0.65511
0.134686
0.84078
0.645514
0.106528
0.501944
0.314517
0.487287
0.686762
0.773312
0.464819
0.402405
0.117915
0.274636
0.562862
0.642822
0.0984585
0.161092
0.891683
0.589314
0.231339
0.368446
0.286384
0.811465
0.412303
0.431424
0.6269
0.938479
0.947787
0.151366
0.542067
0.754444
0.680778
0.293148
0.185286
0.331601
0.0551045
0.383247
0.0176212
0.608381
0.0810366
0.985407
0.596109
0.50596
0.46298
0.514744
0.250651
0.0601566
0.512438
0.892163
0.0542188
0.625342
0.976678
0.70101
0.819733
0.731906
0.805903
0.425866
0.332716
0.206593
0.74842
0.634068
0.177184
0.43284
0.629095
0.605605
0.433598
0.898142
0.154541
0.567142
0.911929
0.16809
0.223274
0.693026
0.956728
0.0141384
0.235135
0.713744
0.876527
0.509007
0.312396
0.482118
0.139847
0.632106
0.472206
0.232153
0.287828
0.136034
0.866054
0.773598
0.387776
0.976637
0.154466
0.826341
0.0633013
0.11043
0.899881
0.426167
0.29232
0.950332
0.349869
0.68433
0.925031
0.133452
0.891619
0.182478
0.989387
0.781144
0.143852
0.0258261
0.115519
0.0704812
0.139297
0.248372
0.0878874
0.336779
0.597662
0.0574811
0.799309
0.266425
0.463821
0.551401
0.347983
0.937347
0.821713
0.812258
0.173121
0.585227
0.232917
0.329641
0.0425543
0.149409
0.475735
0.629531
0.0781224
0.468636
0.740673
0.838635
0.150488
0.0369404
0.653253
0.0824139
0.26066
0.010763
0.431227
0.449864
0.855862
0.473933
0.427187
0.575743
0.0239055
0.102815
0.59092
0.858078
0.775992
0.477416
0.143639
0.440098
0.746823
0.735838
0.362217
0.471752
0.853825
0.767749
0.751119
0.816478
0.740364
0.828866
0.207627
0.727321
0.611442
0.900171
0.966065
0.0330123
0.421655
0.838513
0.359938
0.544261
0.93269
0.987624
0.961507
0.825692
0.50914
0.167212
0.745465
0.794374
0.559539
0.185424
0.104948
0.81551
0.411001
0.0777659
0.357799
0.00303307
0.799714
0.642816
0.865469
0.592291
0.628215
0.656269
0.258237
0.238465
0.309342
0.200442
0.375411
0.256433
0.558098
0.602285
0.274878
0.025212
0.521317
0.967042
0.972309
0.701633
0.758861
0.88517
0.422212
0.222053
0.103476
0.451161
0.0579956
0.555299
0.738276
0.537124
0.927343
0.719857
0.776229
0.458335
0.586553
0.676902
0.338424
0.392397
0.368095
0.971929
0.999305
0.228001
0.694356
0.0850002
0.0151834
0.988497
0.460328
0.621287
0.579244
0.156741
0.106572
0.394292
0.363922
0.973952
0.644743
0.174073
0.55212
0.978507
0.726456
0.319832
0.933841
0.449036
0.157552
0.786358
0.407707
0.954886
0.226433
0.444227
0.750951
0.385266
0.135669
0.799415
0.958188
0.296583
0.0821935
0.223645
0.399923
0.251042
0.194366
0.129614
0.0452272
0.507231
0.77144
0.414491
0.244711
0.822648
0.464524
0.983659
0.228639
0.329913
0.26982
0.328225
0.430186
0.701999
0.893191
0.650136
0.753099
0.101006
0.820948
0.789325
0.767827
0.274173
0.37852
0.252875
0.384811
0.358997
0.520282
0.62907
0.139361
0.364765
0.544791
0.219546
0.647478
0.311703
0.786023
0.335903
0.880645
0.273684
0.787686
0.887192
0.885458
0.292572
0.299522
0.038918
0.072835
0.149577
0.691894
0.488255
0.991126
0.116988
0.383974
0.0914242
0.161017
0.758
0.0998188
0.423561
0.567356
0.592425
0.365228
0.311232
0.672427
0.497616
0.028325
0.415109
0.520754
0.760997
0.194988
0.355229
0.482925
0.199362
0.472966
0.547729
0.489271
0.903347
0.433842
0.20474
0.46139
0.977817
0.423044
0.764847
0.873228
0.825837
0.810938
0.703625
0.311216
0.412093
0.645833
0.840082
0.516826
0.733135
0.538816
0.971552
0.586312
0.202883
0.556701
0.755199
0.205365
0.118264
0.741321
0.013183
0.311092
0.754791
0.00151319
0.883834
0.437014
0.263131
0.633133
0.863122
0.833304
0.780212
0.635661
0.408616
0.651087
0.845708
0.301768
0.623286
0.424236
0.134289
0.707229
0.555074
0.252067
0.881712
0.900718
0.478613
0.213128
0.981287
0.580774
0.827239
0.853091
0.559629
0.777273
0.414195
0.744708
0.287191
0.709733
0.373459
0.217047
0.515797
0.847428
0.0778018
0.903312
0.879036
0.743747
0.557431
0.847675
0.0899355
0.591451
0.81294
0.622859
0.526485
0.154817
0.977048
0.325981
0.213583
0.85714
0.409549
0.330252
0.106517
0.0888049
0.33488
0.336314
0.251681
0.519468
0.664381
0.831155
0.0426166
0.133006
0.495031
0.132404
0.142689
0.504817
0.61108
0.116423
0.580059
0.0261183
0.896879
0.279415
0.912395
0.227185
0.0341077
0.421358
0.582439
0.464783
0.975144
0.979035
0.557345
0.929451
0.943403
0.195809
0.212589
0.676405
0.662918
0.392733
0.0772814
0.932203
0.712952
0.849635
0.342386
0.183512
0.283004
0.392703
0.396329
0.88534
0.851481
0.56902
0.0992808
0.688783
0.21732
0.463285
0.411263
0.856405
0.146838
0.169461
0.718751
0.701305
0.199856
0.304804
0.535206
0.729335
0.0374603
0.339555
0.6472
0.217988
0.220553
0.975256
0.114859
0.825711
0.329804
0.247435
0.0601861
0.699912
0.858214
0.327247
0.718571
0.995875
0.947824
0.276274
0.63805
0.134516
0.676619
0.980559
0.676401
0.0956668
0.308357
0.353373
0.213599
0.223462
0.273992
0.826845
0.887768
0.0380351
0.941761
0.593319
0.757454
0.97542
0.4165
0.0581572
0.369594
0.132048
0.913637
0.637028
0.691864
0.636164
0.681124
0.896141
0.393563
0.0711558
0.393737
0.298429
0.691241
0.0956967
0.608504
0.946712
0.399105
0.606687
0.0702459
0.196952
0.561541
0.134795
0.620154
0.788971
0.0299988
0.146355
0.00380647
0.927933
0.94799
0.23857
0.836034
0.057442
0.459482
0.955758
0.870367
0.563895
0.796678
0.622607
0.199279
0.419396
0.754559
0.874925
0.970426
0.509364
0.208519
0.234093
0.144245
0.0993892
0.63481
0.929835
0.348919
0.0243111
0.471493
0.407608
0.990583
0.6765
0.512938
0.293062
0.671445
0.257379
0.120365
0.0164564
0.72583
0.429413
0.173743
0.964022
0.0570733
0.637128
0.820749
0.783744
0.573634
0.530355
0.710538
0.14345
0.120768
0.739349
0.877367
0.485638
0.910248
0.905923
0.418354
0.208766
0.521914
0.491509
0.566197
0.502243
0.923743
0.6266
0.809521
0.54592
0.100372
0.553422
0.768077
0.0595485
0.354742
0.342733
0.936452
0.321336
0.957373
0.354464
0.779417
0.424878
0.0850457
0.364255
0.357945
0.371488
0.579493
0.920593
0.679638
0.672867
0.945529
0.00341899
0.189573
0.744409
0.729594
0.367639
0.191792
0.282007
0.0198287
0.0129662
0.548054
0.656428
0.627208
0.0869629
0.552076
0.460683
0.262987
0.0794078
0.440406
0.346045
0.704418
0.0259832
0.0302151
0.724352
0.312397
0.692871
0.780132
0.766318
0.683471
0.272625
0.187212
0.213419
0.800459
0.0251247
0.720324
0.774488
0.180552
0.711863
0.627348
0.524179
0.540327
0.168384
0.669872
0.849432
0.795319
0.811818
0.463819
0.522196
0.385232
0.915554
0.390191
0.543329
0.904202
0.383703
0.541802
0.696705
0.126607
0.418269
0.853598
0.22764
0.956993
0.0707031
0.689195
0.8506
0.970899
0.00391533
0.81641
0.600714
0.190853
0.808845
0.789454
0.188314
0.000198813
0.540981
0.154604
0.451371
0.754774
0.439712
0.691362
0.0179622
0.4629
0.728077
0.688631
0.0721814
0.904424
0.095613
0.91708
0.646469
0.0691789
0.646374
0.777132
0.447452
0.575729
0.0198555
0.61194
0.201151
0.226171
0.254285
0.274053
0.676249
0.471406
0.380306
0.908384
0.984824
0.406731
0.167533
0.616529
0.451761
0.124692
0.247462
0.287303
0.561261
0.452385
0.220215
0.191284
0.0538216
0.795917
0.0839019
0.0943991
0.832995
0.0177764
0.191815
0.406703
0.177103
0.00149021
0.600997
0.925285
0.0638347
0.160837
0.223423
0.973175
0.589204
0.63069
0.13442
0.8324
0.712815
0.868546
0.160575
0.239816
0.989093
0.325043
0.694161
0.904571
0.70911
0.0854439
0.927618
0.964955
0.225037
0.853728
0.309549
0.173033
0.314232
0.402799
0.456486
0.837116
0.314593
0.778707
0.283505
0.567599
0.927284
0.139414
0.0343014
0.324742
0.808565
0.629425
0.673934
0.350963
0.581121
0.656758
0.758268
0.801089
0.052497
0.74754
0.491074
0.420932
0.0154199
0.353982
0.180307
0.341236
0.892357
0.686439
0.59866
0.344567
0.586371
0.146831
0.889667
0.775499
0.124732
0.124304
0.853295
0.792156
0.567263
0.699687
0.379968
0.225773
0.903902
0.489564
0.291106
0.133362
0.321007
0.100885
0.414359
0.145977
0.395112
0.221363
0.167925
0.431488
0.142417
0.15772
0.634731
0.637932
0.312791
0.761656
0.481554
