0.738631
0.850632
0.227576
0.416757
0.103493
0.304865
0.579488
0.269394
0.356777
0.248112
0.448994
0.834809
0.442638
0.698323
0.681635
0.648614
0.752553
0.027541
0.860929
0.766149
0.467016
0.66286
0.724341
0.0889903
0.354509
0.384215
0.805676
0.384174
0.881959
0.0813727
0.39522
0.456795
0.938591
0.260987
0.664581
0.677242
0.336145
0.404683
0.410846
0.481063
0.950658
0.759281
0.283338
0.105314
0.598316
0.925173
0.878069
0.647277
0.218846
0.820201
0.0759423
0.717613
0.717595
0.397646
0.132119
0.531962
0.220273
0.565502
0.569927
0.576027
0.724128
0.403843
0.0789528
0.721318
0.880633
0.611379
0.268054
0.938035
0.783902
0.773766
0.787031
0.948834
0.780485
0.271918
0.361948
0.739125
0.773937
0.855968
0.928011
0.690483
0.379855
0.0886964
0.310991
0.723402
0.800639
0.0231547
0.796918
0.157199
0.720614
0.795594
0.547389
0.359278
0.678934
0.121534
0.131089
0.196595
0.997006
0.535183
0.286787
0.427053
0.530842
0.743441
0.254924
0.774461
0.326183
0.146
0.662616
0.727537
0.867885
0.216205
0.405812
0.755214
0.227448
0.344242
0.691937
0.457344
0.884091
0.710745
0.975759
0.381042
0.494141
0.21993
0.29222
0.206704
0.213917
0.916266
0.790641
0.161126
0.686761
0.342146
0.738416
0.859509
0.826266
0.397892
0.884508
0.602133
0.4833
0.463484
0.0506486
0.625961
0.156811
0.787913
0.99774
0.274283
0.789226
0.882841
0.666057
0.778931
0.285293
0.464917
0.710891
0.077597
0.226432
0.040567
0.0980904
0.953923
0.889016
0.236251
0.606819
0.18965
0.267134
0.378984
0.773677
0.301701
0.767344
0.958285
0.314253
0.12031
0.432932
0.0525437
0.103452
0.449757
0.65384
0.777209
0.0253106
0.91189
0.602191
0.0526692
0.232025
0.34599
0.792388
0.75894
0.841719
0.385677
0.367753
0.471299
0.253597
0.902663
0.0101413
0.433015
0.50048
0.640228
0.888415
0.805433
0.550466
0.3977
0.201196
0.394353
0.664442
0.48507
0.938983
0.0391954
0.126439
0.768976
0.550119
0.536273
0.678608
0.954748
0.123834
0.141584
0.286323
0.818988
0.873758
0.100789
0.92013
0.0935745
0.530901
0.0115157
0.496491
0.627277
0.311543
0.796931
0.514013
0.357186
0.683121
0.805765
0.249052
0.312825
0.794319
0.358946
0.549743
0.619522
0.377845
0.95977
0.747817
0.728334
0.71935
0.450811
0.5949
0.297775
0.757291
0.821173
0.0779067
0.93135
0.456448
0.729807
0.00471376
0.306234
0.556262
0.521467
0.185193
0.698815
0.186155
0.102435
0.347518
0.986467
0.713791
0.796028
0.376827
0.822279
0.840766
0.580625
0.454513
0.118775
0.388545
0.0914804
0.0309157
0.932224
0.298695
0.705579
0.771305
0.632743
0.339785
0.833722
0.939869
0.279003
0.00496367
0.31
0.0094443
0.206414
0.331619
0.30394
0.956071
0.879585
0.118027
0.288658
0.505267
0.476047
0.923846
0.335627
0.0983236
0.720241
0.103361
0.71341
0.603874
0.433224
0.896662
0.410061
0.87699
0.736316
0.290665
0.594225
0.742772
0.531889
0.0947339
0.624532
0.523731
0.327438
0.998337
0.938319
0.00326675
0.803452
0.696843
0.608811
0.403104
0.356321
0.446422
0.149545
0.566418
0.0205833
0.0194584
0.769712
0.336946
0.871562
0.2938
0.146094
0.120874
0.82969
0.0867445
0.933946
0.825338
0.625542
0.947939
0.667372
0.852619
0.952163
0.307571
0.164308
0.000487805
0.272231
0.0600317
0.0291284
0.436882
0.995761
0.796818
0.182067
0.0272617
0.615542
0.755459
0.98172
0.879091
0.788698
0.24299
0.610411
0.273811
0.806529
0.490354
0.273372
0.413826
0.445476
0.782805
0.977826
0.252332
0.548435
0.347846
0.495906
0.926046
0.971194
0.658677
0.120588
0.281096
0.114421
0.727884
0.503094
0.236931
0.696759
0.293581
0.162722
0.473633
0.453916
0.621722
0.613702
0.711748
0.265555
0.461501
0.585823
0.802303
0.514113
0.498211
0.420102
0.680742
0.558731
0.50289
0.949703
0.584179
0.61221
0.818617
0.12835
0.868583
0.333468
0.820723
0.450474
0.68375
0.411664
0.0709744
0.822478
0.400463
0.704023
0.416123
0.852634
0.499456
0.465482
0.765039
0.89259
0.437142
0.755757
0.874248
0.364028
0.0606525
0.798036
0.619697
0.201279
0.182977
0.445196
0.847444
0.130998
0.602229
0.315651
0.249161
0.525638
0.716611
0.751996
0.121586
0.692953
0.0376949
0.538453
0.54632
0.0546826
0.307698
0.771286
0.641708
0.399763
0.696152
0.993428
0.816916
0.477581
0.952416
0.646017
0.264208
0.598482
0.204386
0.419646
0.707556
0.809917
0.0415042
0.0172733
0.213352
0.775956
0.956274
0.12397
0.645795
0.510811
0.532652
0.152376
0.921532
0.0775702
0.788225
0.832294
0.36743
0.831593
0.770889
0.781941
0.509011
0.542924
0.953934
0.841857
0.0682337
0.588932
0.561732
0.291021
0.429878
0.363151
0.547586
0.760208
0.162983
0.609133
0.178385
0.747043
0.0926095
0.368827
0.0628753
0.733261
0.278787
0.735396
0.472551
0.49875
0.0214629
0.944683
0.0532406
0.22943
0.537336
0.500049
0.738095
0.738968
0.628365
0.216949
0.971457
0.772112
0.828889
0.309682
0.0378334
0.718809
0.643514
0.679003
0.331917
0.929847
0.899866
0.086322
0.885871
0.30301
0.0555144
0.74119
0.775973
0.559064
0.616423
0.194091
0.16367
0.728907
0.165047
0.645918
0.485351
0.831062
0.8609
0.432938
0.513968
0.0969211
0.692847
0.811712
0.429944
0.882559
0.224346
0.113359
0.403984
0.450449
0.848617
0.223251
0.87467
0.358288
0.264301
0.420405
0.84871
0.22517
0.353022
0.845916
0.409754
0.526104
0.26979
0.281386
0.252301
0.289146
0.0517765
0.786591
0.319047
0.169065
0.308526
0.318854
0.439605
0.670779
0.89005
0.34604
0.493928
0.24841
0.619551
0.340765
0.123158
0.346288
0.271104
0.993027
0.062324
0.642246
0.213208
0.830411
0.852336
0.191237
0.375941
0.137448
0.721775
0.169624
0.292284
0.897571
0.242727
0.423231
0.11653
0.703448
0.105104
0.678083
0.370231
0.544085
0.724309
0.781317
0.543169
0.122827
0.974353
0.244587
0.992933
0.946398
0.400737
0.273956
0.462444
0.889395
0.923204
0.9956
0.578458
0.553421
0.0668121
0.52732
0.162921
0.529095
0.0899257
0.0183462
0.591447
0.438736
0.845853
0.819063
0.929208
0.86877
0.425618
0.614499
0.742401
0.138596
0.449121
0.194898
0.894424
0.888981
0.797099
0.138828
0.229353
0.855665
0.452057
0.874063
0.131424
0.315372
0.66906
0.923293
0.302394
0.222148
0.311253
0.22868
0.993368
0.641241
0.437703
0.153796
0.411133
0.175283
0.511987
0.555446
0.964744
0.134957
0.708872
0.111567
0.602054
0.944529
0.378819
0.255301
0.43252
0.999199
0.686676
0.616604
0.917781
0.290788
0.770011
0.261605
0.0062078
0.231531
0.239885
0.419046
0.909383
0.772686
0.563331
0.848634
0.159144
0.155661
0.380087
0.879404
0.0392443
0.387794
0.44182
0.58856
0.0148794
0.0835914
0.442273
0.458309
0.433699
0.270284
0.809365
0.359527
0.227808
0.657288
0.332744
0.680999
0.851909
0.893602
0.84263
0.715572
0.382847
0.643314
0.575292
0.170094
0.236579
0.415222
0.994421
0.738286
0.931449
0.499116
0.428198
0.213416
0.565738
0.0491541
0.437894
0.756876
0.1217
0.286964
0.991515
0.468728
0.698733
0.787165
0.741016
0.682325
0.435189
0.306328
0.581752
0.78229
0.155601
0.363293
0.804456
0.53262
0.433129
0.577312
0.248524
0.907524
0.665083
0.863589
0.0453751
0.364051
0.666758
0.163882
0.136034
0.746602
0.595282
0.712027
0.255697
0.685399
0.152051
0.508321
0.13921
0.0381409
0.265326
0.867895
0.627489
0.943555
0.991742
0.677375
0.95464
0.630532
0.531822
0.795933
0.666006
0.0585988
0.685986
0.167214
0.616728
0.107265
0.880584
0.374351
0.779983
0.512006
0.898185
0.128199
0.991123
0.635703
0.49588
0.0435197
0.977696
0.106987
0.928529
0.968575
0.642071
0.925864
0.214264
0.751542
0.609075
0.997261
0.175141
0.131559
0.29418
0.836431
0.798221
0.380875
0.704083
0.275956
0.186681
0.413429
0.558339
0.839078
0.380403
0.159058
0.924458
0.338837
0.674272
0.422228
0.206598
0.94216
0.494702
0.862364
0.383045
0.444136
0.421214
0.911356
0.128319
0.854644
0.993633
0.605721
0.725192
0.630861
0.160171
0.159526
0.280762
0.698586
0.638259
0.479469
0.049055
0.987285
0.000471345
0.694155
0.75497
0.982387
0.936867
0.682628
0.957153
0.306654
0.620255
0.656558
0.643696
0.768628
0.0252697
0.0841599
0.879803
0.480643
0.647359
0.180165
0.9101
0.247753
0.692254
0.135905
0.6174
0.0669891
0.35235
0.181419
0.300352
0.702789
0.869946
0.930419
0.192074
0.673185
0.18524
0.0310111
0.951307
0.776684
0.273446
0.394501
0.824435
0.00123929
0.26927
0.96847
0.0457293
0.206612
0.60099
0.115637
0.0889585
0.153229
0.989566
0.981776
0.00403555
0.0785729
0.492675
0.913468
0.32743
0.784471
0.15394
0.517981
0.340919
0.522672
0.103478
0.121272
0.663631
0.421635
0.449347
0.142153
0.128398
0.868735
0.291711
0.0160057
0.680157
0.975593
0.142118
0.915958
0.313581
0.104854
0.569174
0.36121
0.0101716
0.556619
0.0678914
0.792502
0.687132
0.216386
0.0121382
0.824465
0.689103
0.616117
0.289397
0.658773
0.0865084
0.65109
0.740471
0.708478
0.405475
0.694434
0.0413725
0.557825
0.183353
0.0410702
0.522676
0.399532
0.891417
0.17647
0.744175
0.774672
0.186639
0.462679
0.972931
0.778406
0.630564
0.983448
0.0511741
0.481682
0.0685055
0.571694
0.70213
0.597513
0.205963
0.109233
0.36265
0.870015
0.154367
0.502574
0.746485
0.289429
0.402481
0.052317
0.247465
0.880054
0.84841
0.1778
0.663972
0.142979
0.982436
0.694791
0.420547
0.426221
0.346946
0.179445
0.790741
0.793381
0.466762
0.455759
0.283549
0.0676392
0.865558
0.479578
0.162411
0.0761305
0.658058
0.288366
0.832107
0.422149
0.711178
0.838678
0.983701
0.226165
0.363949
0.350479
0.448235
0.846072
0.147753
0.01494
0.282459
0.0152819
0.671119
0.354936
0.485869
0.532715
0.248781
0.848052
0.143925
0.0892137
0.401357
0.00530038
0.986495
0.579093
0.095821
0.881182
0.600505
0.927705
0.76899
0.677963
0.560099
0.112935
0.756132
0.48854
0.858555
0.912269
0.425158
0.611233
0.0300781
0.493137
0.159259
0.0485048
0.940166
0.324414
0.177487
0.687166
0.108763
0.741994
0.585492
0.555507
0.501291
0.352167
0.705433
0.395453
0.802929
0.515315
0.585827
0.652401
0.0644662
0.0924889
0.422127
0.149008
0.0159247
0.678278
0.400951
0.963396
0.405441
0.61304
0.9117
0.925265
0.592532
0.71091
0.349027
0.210903
0.900668
0.119031
0.702848
0.111993
0.506013
0.14353
0.4725
0.424403
0.268398
0.578896
0.0858984
0.0886428
0.112668
0.908526
0.542353
0.795888
0.619019
0.212562
0.303386
0.4065
0.697392
0.250646
0.564133
0.493292
0.213617
0.2355
0.0632834
0.727168
0.289255
0.0482093
0.858724
0.200994
0.432291
0.710045
0.693746
0.0781781
0.664249
0.113439
0.468141
0.57
0.224031
0.525923
0.610801
0.876912
0.312491
0.816532
0.459269
0.733479
0.285073
0.637691
0.580276
0.693364
0.29914
0.372231
0.614426
0.971552
0.284461
0.516977
0.629349
0.421279
0.245096
0.405644
0.311077
0.0747232
0.487161
0.0472414
0.411497
0.701314
0.940535
0.334343
0.864863
0.0525055
0.123913
0.659091
0.279767
0.749013
0.575477
0.582792
0.9531
0.87867
0.722716
0.442419
0.372384
0.267077
0.951262
0.65094
0.350084
0.0675325
0.696838
0.7311
0.799446
0.167802
0.539443
0.989959
0.027063
0.607348
0.576693
0.341495
0.477069
0.519491
0.774094
0.221587
0.441508
0.000563059
0.707488
0.206246
0.913569
0.36466
0.802929
0.678683
0.325938
0.0492891
0.00784236
0.491639
0.0316093
0.176892
0.284917
0.773146
0.372873
0.388759
0.783649
0.372963
0.774589
0.353848
0.905463
0.115054
0.3145
0.51674
0.268751
0.641587
0.786471
0.883077
0.169996
0.876677
0.949852
0.848846
0.972914
0.713982
0.51586
0.0444597
0.958817
0.233985
0.0853025
0.662177
0.975227
0.306632
0.227398
0.304244
0.538018
0.32453
0.589828
0.759955
0.0302425
0.535215
0.0487791
0.997474
0.185318
0.748198
0.432726
0.964339
0.512446
0.198298
0.163578
0.621205
0.646699
0.310047
0.881748
0.0429549
0.714073
0.686525
0.0467808
0.187713
0.630861
0.412916
0.815919
0.324013
0.788128
0.0977446
0.906096
0.392843
0.726509
0.389453
0.810129
0.225751
0.89184
0.346366
0.263854
0.883792
0.745678
0.980652
0.217435
0.23229
0.976625
0.371988
0.438971
0.165153
0.231678
0.56297
0.277421
0.865838
0.985786
0.73342
0.470168
0.0875827
0.665613
0.142615
0.290455
0.223369
0.851701
0.110426
0.739444
0.834815
0.488293
0.17259
0.123139
0.694579
0.202221
0.680976
0.535594
0.858583
0.972311
0.0961408
0.920219
0.0125354
0.974118
0.388497
0.996669
0.255905
0.985964
0.00758561
0.748181
0.929743
0.256258
0.348578
0.475823
0.145413
0.64651
0.90453
0.898653
0.505806
0.77353
0.936367
0.936482
0.357434
0.716298
0.447413
0.156457
0.488229
0.964127
0.390106
0.617748
0.72246
0.279295
0.919237
0.765718
0.706633
0.514656
0.378129
0.101123
0.757058
0.689394
0.705532
0.67583
0.269397
0.251111
0.869805
0.912841
0.845881
0.333878
0.773159
0.368972
0.0643576
0.428926
0.0250696
0.771685
0.81108
0.0541966
0.626922
0.969902
0.852403
0.307824
0.0182302
0.623946
0.502981
0.929688
0.316026
0.747741
0.275826
0.52915
0.549649
0.183634
0.0612514
0.49259
0.892296
0.161105
0.564766
0.838847
0.260535
0.324878
0.115336
0.69994
0.622848
0.621724
0.421671
0.626309
0.124642
0.0988534
0.250076
0.917136
0.822149
0.819885
0.618499
0.574953
0.820022
0.0302179
0.536656
0.744665
0.983825
0.851331
0.00989238
0.481176
0.647926
0.444618
0.270845
0.790147
0.255915
0.799702
0.625991
0.495032
0.452555
0.164005
0.233753
0.670431
0.023646
0.466979
0.973026
0.552677
0.925001
0.854487
0.107131
0.185111
0.331326
0.490671
0.724774
0.217881
0.575492
0.56134
0.823077
0.14585
0.288809
0.093538
0.364904
0.840981
0.860312
0.632251
0.34424
0.0890475
0.64913
0.841134
0.800876
0.933675
0.958492
0.975707
0.112901
0.490329
0.535563
0.9709
0.834703
0.613664
0.587992
0.111856
0.879888
0.803407
0.61781
0.929132
0.515598
0.0494435
0.200406
0.886228
0.626468
0.501605
0.640075
0.394587
0.877897
0.457837
0.867019
0.209123
0.884736
0.624522
0.703123
0.626108
0.144399
0.265963
0.0571963
0.943128
0.611666
0.0879199
0.478503
0.197533
0.840766
0.857984
0.6809
0.355562
0.354995
0.662882
0.310315
0.944188
0.363061
0.609595
0.322285
0.890369
0.374227
0.831612
0.28012
0.77128
0.659533
0.0284554
0.727361
0.252979
0.876346
0.374191
0.591331
0.0885362
0.692849
0.42272
0.221842
0.437329
0.341796
0.30534
0.731148
0.169238
0.917987
0.989259
0.716532
0.0803406
0.01832
0.807543
0.917695
0.0350486
0.669499
0.660678
0.66917
0.237034
0.242308
0.769864
0.849451
0.429328
0.455121
0.796545
0.00250818
0.762125
0.22778
0.376749
0.563738
0.352353
0.893062
0.0169237
0.133309
0.519603
0.689659
0.547596
0.686451
0.26154
0.171192
0.553576
0.851737
0.423691
0.27634
0.0484097
0.00941135
0.396269
0.0808485
0.344981
0.539211
0.595997
0.825098
0.99091
0.2554
0.215192
0.489825
0.802151
0.0106495
0.870964
0.379991
0.80241
0.159854
0.774799
0.704731
0.576238
0.0773436
0.602941
0.661448
0.568286
0.862178
0.0775177
0.860469
0.0710741
0.821238
0.433432
0.773543
0.218999
0.945569
0.887846
0.410242
0.328974
0.403435
0.246326
0.00715066
0.00180148
0.989732
0.489593
0.215425
0.42459
0.465022
0.0638041
0.720351
0.999875
0.0471744
0.269517
0.79218
0.960123
0.267953
0.0430444
0.887887
0.255564
0.717389
0.994893
0.336715
0.876906
0.335057
0.00968255
0.752659
0.6068
0.474819
0.876946
0.511535
0.7182
0.650733
0.180816
0.177926
0.000678173
0.163648
0.820342
0.227044
0.089059
0.051499
0.0493056
0.370791
0.0389585
0.610725
0.460293
0.341443
0.403122
0.109851
0.177081
0.397856
0.51646
0.374708
0.504456
0.326946
0.338461
0.521916
0.367959
0.1459
0.737888
0.785273
0.844394
0.0289445
0.572214
0.0712403
0.705564
0.844261
0.00280481
0.833589
0.924785
0.224736
0.114561
0.505189
0.616208
0.673636
0.858218
0.127776
0.594583
0.626487
0.986553
0.153532
0.326143
0.654184
0.761792
0.469507
0.0963206
0.614036
0.0315932
0.15008
0.785645
0.349999
0.506326
0.0436653
0.193491
0.382253
0.677825
0.673569
0.571384
0.0273199
0.71912
0.61006
0.387523
0.701891
0.180203
0.0168623
0.874297
0.20925
0.215118
0.963724
0.0521195
0.35279
0.666702
0.930339
0.41728
0.378734
0.61215
0.82556
0.0342546
0.87225
0.978912
0.119895
0.643006
0.831926
0.011395
0.685856
0.992125
0.905903
0.391784
0.0121148
0.0763709
0.523217
0.565895
0.149905
0.536353
0.258021
0.615076
0.154596
0.232485
0.568755
0.183425
0.274162
0.921805
0.0747822
0.439348
0.0354504
0.979914
0.180107
0.502248
0.0434346
0.375074
0.12056
0.586496
0.59577
0.588763
0.0216555
0.714079
0.209033
0.156344
0.670058
0.771747
0.614637
0.508026
0.164678
0.420451
0.208506
0.0950921
0.035271
0.289209
0.402756
0.947555
0.126419
0.419407
0.300429
0.672188
0.501902
0.0170541
0.126431
0.14796
0.362647
0.489892
0.161902
0.94681
0.740215
0.741052
0.0200342
0.39146
0.323641
0.610862
0.811826
0.0756691
0.806768
0.557273
0.450578
0.0812245
0.4944
0.231598
0.0701593
0.744108
0.961028
0.129832
0.256832
0.120277
0.66379
0.578847
0.571381
0.926026
0.653428
0.556074
0.289068
0.887955
0.498475
0.418017
0.94734
0.694339
0.194155
0.335142
0.846536
0.179383
0.721826
0.991559
0.496189
0.6233
0.0652985
0.100388
0.893949
0.797863
0.39097
0.731079
0.0173701
0.00676671
0.417003
0.606966
0.50116
0.594476
0.223403
0.331696
0.920622
0.780316
0.43759
0.652567
0.56766
0.262552
0.957955
0.130368
0.364501
0.460483
0.354814
0.031489
0.635958
0.257983
0.248409
0.264621
0.0273975
0.842988
0.171564
0.732296
0.983995
0.547605
0.981203
0.208196
0.76952
0.38577
0.560709
0.560171
0.757806
0.813684
0.853337
0.827488
0.673589
0.844391
0.626544
0.444344
0.534785
0.424999
0.0645056
0.0731174
0.334906
0.81984
0.0290536
0.475549
0.108528
0.0892105
0.965728
0.913091
0.525721
0.735929
0.334593
0.92528
0.243743
0.189848
0.566049
0.322349
0.824524
0.599176
0.6149
0.247041
0.599127
0.218286
0.212352
0.366478
0.0241143
0.624689
0.773259
0.0411513
0.426041
0.436566
0.899
0.22769
0.659023
0.0497472
0.0781193
0.248854
0.125521
0.0543068
0.216143
0.0414102
0.478267
0.538067
0.0516623
0.679665
0.0232416
0.436751
0.816006
0.553525
0.85435
0.178026
0.865614
0.505306
0.739016
0.613134
0.829828
0.7362
0.403863
0.943445
0.97248
0.187578
0.546673
0.78029
0.830265
0.482
0.642084
0.549015
0.0267807
0.584055
0.151009
0.314806
0.694633
0.56809
0.730773
0.157606
0.780832
0.0413616
0.571718
0.146248
0.552478
0.0651036
0.906187
0.391947
0.797557
0.933256
0.698737
0.53305
0.573674
0.599465
0.166423
0.835011
0.0947957
0.204882
0.709578
0.855585
0.751303
0.0998508
0.575267
0.647787
0.790126
0.13563
0.129485
0.647593
0.392539
0.287363
0.122387
0.441047
0.608265
0.754573
0.813072
0.199203
0.814269
0.232283
0.902977
0.954088
0.323874
0.29127
0.94648
0.237044
0.193689
0.57092
0.804094
0.297984
0.65548
0.384218
0.659617
0.941806
0.00351569
0.636977
0.391495
0.64667
0.8754
0.917918
0.153734
0.620517
0.915735
0.154244
0.764649
0.436595
0.983105
0.443007
0.53149
0.731642
0.837967
0.606157
0.0573907
0.583976
0.54384
0.850272
0.382973
0.389232
0.284495
0.51748
0.7006
0.363998
0.514294
0.374509
0.443575
0.828618
0.434264
