0.15151
0.701482
0.266336
0.650399
0.0526439
0.0909187
0.197454
0.923909
0.568386
0.0132715
0.670717
0.808551
0.964491
0.723721
0.505806
0.693977
0.117754
0.117977
0.566638
0.266897
0.192207
0.518021
0.992998
0.628821
0.726744
0.973264
0.590679
0.214799
0.535613
0.763441
0.169386
0.546203
0.477205
0.623359
0.0294472
0.71104
0.152584
0.757622
0.651631
0.456353
0.933702
0.460108
0.722563
0.247299
0.432983
0.772762
0.329538
0.585749
0.326087
0.645341
0.598186
0.519534
0.290221
0.715604
0.998244
0.87608
0.309025
0.228732
0.310298
0.563686
0.48789
0.350494
0.259577
0.975701
0.866814
0.730544
0.911244
0.128482
0.587057
0.342614
0.939574
0.79679
0.29349
0.841412
0.606402
0.834209
0.350525
0.233137
0.162178
0.818485
0.669274
0.36962
0.740573
0.511238
0.0956607
0.311943
0.725118
0.64082
0.883524
0.14012
0.61085
0.626978
0.0886352
0.105008
0.607817
0.523679
0.203401
0.337585
0.831587
0.354824
