0.475607
0.282636
0.636858
0.284962
0.506654
0.648967
0.506721
0.394673
0.592506
0.54014
0.924935
0.574344
0.704193
0.656682
0.474432
0.432637
0.362569
0.761684
0.312832
0.345452
0.395687
0.0969424
0.510074
0.321075
0.497367
0.463064
0.364109
0.485252
0.671649
0.575382
0.350146
0.780461
0.66118
0.432954
0.634514
0.742305
0.509296
0.442977
0.730174
0.237145
0.473784
0.405808
0.514454
0.834653
0.497951
0.418878
0.436949
0.378608
0.180735
0.302376
0.659428
0.72094
0.234886
0.30565
0.813914
0.531748
0.467619
0.783635
0.101272
0.613591
0.497171
0.60312
0.260491
0.723349
0.611466
0.212856
0.477195
0.688201
0.456232
0.416419
0.290335
0.473031
0.279811
0.649222
0.483511
0.51917
0.486651
0.503769
0.728348
0.46843
0.765538
0.720432
0.590114
0.526522
0.511802
0.525383
0.129513
0.698121
0.454768
0.686014
0.698181
0.351619
0.508527
0.900956
0.475648
0.655163
0.769063
0.447114
0.401064
0.417605
0.383962
0.820621
0.683026
0.598233
0.251757
0.612288
0.610409
0.472573
0.314908
0.302207
0.35914
0.68355
0.423323
0.740688
0.428518
0.432518
0.410112
0.445207
0.739552
0.609481
0.639499
0.764446
0.168957
0.679415
0.514038
0.294415
0.831396
0.643649
0.531539
0.47038
0.126684
0.615318
0.994103
0.660076
0.109474
0.291901
0.0732875
0.297867
0.468952
0.446788
0.734807
0.681015
0.907787
0.400007
0.2854
0.564845
0.562065
0.0749904
0.469132
0.739959
0.814081
0.420938
0.711253
0.662836
0.549399
0.580764
0.501643
0.456095
0.206007
0.545544
0.789116
0.675223
0.33436
0.21588
0.37026
0.437838
0.400791
0.333953
0.949329
0.00105453
0.550821
0.446741
0.138609
0.666489
0.497841
0.401829
0.551174
0.83718
0.46301
0.455205
0.310368
0.557855
0.400983
0.184638
0.548954
0.574744
0.896361
0.384689
0.546508
0.212448
0.447188
0.248685
0.678694
0.599611
0.349053
0.662784
0.651278
0.663333
0.476147
0.509346
0.629635
0.263589
0.238923
0.373991
0.437832
0.438959
0.580783
0.529135
0.470008
0.507531
0.479806
0.510039
0.350956
0.506575
0.355789
0.606758
0.445857
0.337364
0.660188
0.139522
0.659781
0.70653
0.463578
0.614943
0.184476
0.445385
0.164529
0.374863
0.528885
0.201438
0.583585
0.643668
0.346556
0.0531406
0.291821
0.609475
0.173139
0.727186
0.75352
0.507324
0.72432
0.209621
0.196281
0.520977
0.551881
0.396719
0.356132
0.218232
0.46432
0.187214
0.516572
0.415253
0.586061
0.0984857
0.58546
0.482352
0.618395
0.538246
0.559323
0.756996
0.358206
0.445039
0.739847
0.71092
0.39072
0.28161
0.424326
0.402319
0.423387
0.513913
0.475807
0.515016
0.475163
0.651945
0.571054
0.731578
0.251177
0.514211
0.710278
0.997539
0.615094
0.894499
0.657402
0.869336
0.522672
0.504773
0.398684
0.929781
0.700479
0.484754
0.811395
0.474318
0.884724
0.296597
0.691653
0.549501
0.142987
0.604647
0.215937
0.56339
0.457203
0.606928
0.537164
0.574634
0.361014
0.744092
0.352739
0.658567
0.133301
0.781104
0.492478
0.456767
0.45804
0.258943
0.120646
0.39833
0.534971
0.143243
0.535571
0.754027
0.570746
0.523904
0.631659
0.466514
0.541072
0.428015
0.536895
0.851867
0.332411
0.614081
0.632584
0.49344
0.692259
0.800057
0.304019
0.491416
0.337539
0.285346
0.782667
0.484254
0.466696
0.347785
0.5662
0.234345
0.139245
0.734508
0.284398
0.561469
0.410205
0.728165
0.937338
0.439632
0.389665
0.731815
0.321054
0.416502
0.252062
0.723258
0.647345
0.535801
0.154693
0.524202
0.585861
0.712803
0.259715
0.470706
0.717809
0.622593
0.301207
0.265793
0.312291
0.653438
0.368566
0.460941
0.116449
0.827763
0.311845
0.226689
0.304263
0.973798
0.705932
0.554245
0.521107
0.220683
0.656132
0.601806
0.74532
0.77424
0.103337
0.578348
0.159316
0.412088
0.587199
0.0948287
0.207487
0.611818
0.593226
0.415701
0.801545
0.716508
0.399442
0.889522
0.404543
0.535018
0.336574
0.388632
0.541538
0.675244
0.629588
0.856829
0.224453
0.439201
0.316059
0.336304
0.612301
0.494391
0.63391
0.366035
0.516756
0.605025
0.501092
0.281459
0.292118
0.502756
0.288672
0.815063
0.693954
0.582364
0.443805
0.340574
0.620879
0.82725
0.439024
0.436821
0.649763
0.566394
0.757513
0.296001
0.365404
0.680456
0.364683
0.600931
0.428641
0.795066
0.471232
0.552846
0.374966
0.627961
0.631738
0.463302
0.190278
0.751293
0.616253
0.379371
0.264578
0.809584
0.623519
0.44971
0.729025
0.426399
0.684345
0.120651
0.569557
0.575451
0.111911
0.333733
0.534871
0.559757
0.608014
0.766443
0.347805
0.424573
0.446705
0.824968
0.650728
0.282589
0.421947
0.397227
0.383142
0.525974
0.599735
0.208958
0.442162
0.198277
0.504719
0.651384
0.56226
0.704472
0.798224
0.756121
0.297117
0.532266
0.526231
0.276926
0.440431
0.667599
0.604924
0.448989
0.869572
0.402274
0.0222172
0.345711
0.80484
0.33877
0.836129
0.372208
0.185138
0.666502
0.778415
0.0978382
0.482729
0.437292
0.299268
0.27469
0.387556
0.218341
0.540424
0.989883
0.562399
0.414688
0.572062
0.673337
0.678625
0.592624
0.738399
0.335978
0.742472
0.0749125
0.799902
0.801417
0.478471
0.436679
0.443345
0.255532
0.340238
0.773934
0.467881
0.337746
0.636738
0.126572
0.358518
0.51025
0.52473
0.305279
0.736678
0.533693
0.400719
0.343906
0.370596
0.528999
0.493845
0.512701
0.229728
0.437962
0.652605
0.728985
0.315622
0.601981
0.60479
0.299573
0.801333
0.476158
0.323461
0.664077
0.565247
0.529898
0.308816
0.524374
0.698666
0.646976
0.49564
0.819455
0.561671
0.417647
0.274416
0.440625
0.592865
0.599721
0.662419
0.321426
0.511498
0.36089
0.704262
0.643223
0.752878
0.469139
0.261819
0.437761
0.268972
0.262071
0.228169
0.721065
0.221902
0.164732
0.487963
0.330965
0.338563
0.731755
0.532444
0.680583
0.525879
0.775221
0.359925
0.633541
0.751042
0.463787
0.574734
0.616995
0.363079
0.481413
0.430218
0.579995
0.246805
0.798574
0.553335
0.629507
0.570364
0.499981
0.541444
0.666381
0.717887
0.392401
0.337109
0.461066
0.658863
0.521857
0.68189
0.32556
0.3436
0.385849
0.101718
0.702855
0.606195
0.828512
0.555751
0.39512
0.790962
0.702378
0.753988
0.309583
0.285539
0.486004
0.573716
0.589148
0.758721
0.208087
0.187874
0.859479
0.60676
0.170858
0.593431
0.580024
0.412171
0.606733
0.277874
0.462401
0.367319
0.199096
0.492847
0.657742
0.44092
0.566896
0.491558
0.280508
0.547151
0.330032
0.499933
0.414589
0.277189
0.399698
0.367885
0.365873
0.656675
0.676505
0.289443
0.144717
0.526963
0.663307
0.752285
0.41808
0.395705
0.677833
0.548768
0.387887
0.400236
0.412175
0.563711
0.448162
0.458748
0.433263
0.720841
0.510244
0.534076
0.50677
0.608407
0.687703
0.235067
0.828134
0.356329
0.382419
0.679702
0.312227
0.91394
0.405809
0.880183
0.641315
0.240194
0.6798
0.361078
0.339084
0.46163
0.840859
0.472741
0.546249
0.444118
0.894095
0.752967
0.504824
0.775967
0.394442
0.923634
0.358536
0.32479
0.686081
0.603921
0.384562
0.722969
0.416687
0.601635
0.423682
0.399629
0.804124
0.157679
0.261038
0.606826
0.402255
0.483501
0.592421
0.379156
0.820206
0.523047
0.504887
0.276746
0.650861
0.329345
0.58713
0.357706
0.532972
0.630878
0.332864
0.60689
0.41032
0.356996
0.324518
0.579537
0.7175
0.847245
0.434836
0.32294
0.461198
0.191133
0.422967
0.645062
0.928433
0.0849057
0.423764
0.409813
0.644095
0.643878
0.578987
0.525911
0.233589
0.316325
0.656346
0.63348
0.391388
0.0568867
0.462383
0.399202
0.321992
0.737599
0.566168
0.578197
0.225121
0.405374
0.330417
0.428912
0.479914
0.334356
0.594825
0.8618
0.625319
0.254069
0.47007
0.890208
0.827473
0.516744
0.853362
0.350708
0.324286
0.756085
0.268848
0.437766
0.692365
0.403907
0.364424
0.481979
0.264695
0.616625
0.297613
0.787418
0.537118
0.455412
0.841073
0.559395
0.859573
0.586377
0.693581
0.708338
0.264533
0.412122
0.717673
0.287084
0.233755
0.491915
0.532762
0.18528
0.753642
0.266033
0.742186
0.573001
0.398397
0.443114
0.629302
0.62269
0.504186
0.484066
0.276619
0.26587
0.617782
0.656156
0.42241
0.343722
0.685015
0.556807
0.740932
0.402422
0.392426
0.536407
0.156452
0.687117
0.367491
0.403165
0.425723
0.53727
0.385223
0.362463
0.389654
0.282118
0.610078
0.541623
0.623202
0.733173
0.386016
0.350326
0.496965
0.41131
0.449512
0.560503
0.626588
0.390817
0.235234
0.536517
0.437355
0.611824
0.769176
0.293507
0.119333
0.680685
0.300608
0.265609
0.603374
0.5387
0.370645
0.698268
0.41604
0.46627
0.514599
0.219536
0.945477
0.671369
0.406058
0.411673
0.466981
0.637977
0.610942
0.388042
0.554711
0.750116
0.660745
0.745718
0.236851
0.505525
0.43355
0.160226
0.582388
0.340886
0.751038
0.528303
0.461948
0.300796
0.433684
0.624032
0.832431
0.465432
0.378759
0.571115
0.316336
0.246263
0.76524
0.31582
0.492444
0.454883
0.289457
0.591842
0.181947
0.421592
0.429011
0.33271
0.541782
0.627212
0.452198
0.576219
0.763594
0.514449
0.774054
0.271676
0.811238
0.552732
0.229761
0.290144
0.679403
0.315587
0.35351
0.118389
0.515467
0.608901
0.687157
0.383415
0.405246
0.399367
0.547949
0.431149
0.403452
0.428123
0.6957
0.625927
0.301529
0.364943
0.38692
0.30766
0.394422
0.607704
0.53538
0.43925
0.795069
0.425655
0.327887
0.776542
0.335943
0.596425
0.571966
0.865297
0.312789
0.400939
0.957943
0.348073
0.67349
0.52694
0.332124
0.343006
0.413581
0.691286
0.666575
0.535988
0.417998
0.493791
0.412303
0.225537
0.417872
0.420587
0.584582
0.472433
0.76659
0.175804
0.303517
0.504645
0.677066
0.744908
0.598648
0.445183
0.120105
0.56861
0.57877
0.477166
0.687759
0.857902
0.0387186
0.561068
0.380838
0.510067
0.535624
0.322683
0.721042
0.599055
0.28581
0.586581
0.664981
0.736602
0.539542
0.521967
0.465456
0.389439
0.389376
0.347619
0.3369
0.68393
0.617078
0.168164
0.672334
0.379484
0.634337
0.333655
0.369633
0.712701
0.857309
0.217966
0.430224
0.473048
0.583503
0.430694
0.40909
0.581741
0.337331
0.306721
0.6766
0.193454
0.746523
0.306152
0.42249
0.725397
0.512971
0.44883
0.65525
0.642873
0.527579
0.571287
0.301196
0.55983
0.697689
0.052972
0.5938
0.138059
0.588665
0.242764
0.563789
0.554301
0.803887
0.799691
0.48422
0.323313
0.742689
0.63996
0.383273
0.359243
0.372583
0.0553368
0.59007
0.425296
0.154007
0.651848
0.498672
0.162659
0.42034
0.572067
0.14471
0.289011
0.569427
0.190349
0.791209
0.840756
0.430187
0.408902
0.521123
0.375806
0.400291
0.494612
0.347103
0.334356
0.584636
0.466257
0.551013
0.34146
0.35817
0.261768
0.632842
0.583665
0.658289
0.324048
0.37211
0.54525
0.664541
0.55891
0.661866
0.511718
0.727256
0.458789
0.498811
0.53969
0.252792
0.277827
0.684062
0.205572
0.412338
0.320313
0.464539
0.235859
0.0257363
0.76261
0.634995
0.827948
0.116552
0.896813
0.241348
0.187105
0.471061
0.582722
0.502559
0.864843
0.339992
0.618335
0.372967
0.421823
0.432683
0.481604
0.850796
0.345686
0.562031
0.440614
0.795109
0.560527
0.277269
0.569682
0.728302
0.488478
0.214981
0.350048
0.830111
0.521716
0.656268
0.247302
0.273549
0.561957
0.364837
0.81754
0.719942
0.405091
0.27705
0.251324
0.241466
0.788827
0.748814
0.896099
0.864978
0.271927
0.289363
0.662565
0.591538
0.707984
0.323626
0.745176
0.517907
0.590529
0.50997
0.412314
0.495554
0.127279
0.413107
0.80844
0.49686
0.467146
0.87788
0.367024
0.0658612
0.743846
0.122466
0.492007
0.42135
0.672215
0.620882
0.589219
0.556114
0.194348
0.498095
0.655605
0.760031
0.360203
0.381489
0.875961
0.845568
0.582589
0.697418
0.638407
0.571474
0.588347
0.577901
0.426003
0.501797
0.639088
0.478967
0.493782
0.805472
0.516382
0.874224
0.457517
0.365347
0.277749
0.412843
0.804579
0.195614
0.458014
0.223045
0.759926
0.368264
0.55828
0.377859
0.380079
0.396238
0.381641
0.645098
0.175234
0.593632
0.371459
0.484611
0.545364
0.643619
0.492261
0.525128
0.774363
0.642605
0.479475
0.161266
0.494644
0.268086
0.834629
0.609662
0.64786
0.675674
0.751852
0.428315
0.641025
0.31991
0.68617
0.402503
0.815845
0.271062
0.698997
0.655646
0.258397
0.497113
0.421986
0.450141
0.303629
0.0840793
0.455623
0.475275
0.388444
0.246156
0.887647
0.321806
0.46746
0.317858
0.459116
0.356851
0.26879
0.602753
0.526583
0.372694
0.515447
0.518899
0.415084
0.570263
0.36323
0.294573
0.572647
0.51679
0.559612
0.588245
0.415877
0.218091
0.471674
0.314063
0.636766
0.640151
0.344694
0.522536
0.608638
0.180476
0.636961
0.546164
0.511941
0.821002
0.514203
0.618734
0.464977
0.663206
0.838624
0.434567
0.604091
0.750353
0.87863
0.60282
0.615041
0.794513
0.401354
0.610162
0.440705
0.622398
0.419895
0.100042
0.552157
0.441475
0.630011
0.421906
0.366643
0.644867
0.657969
0.526012
0.717683
0.585518
0.789473
0.56801
0.952286
0.590401
0.47311
0.366822
0.264702
0.777019
0.967029
0.535086
0.481592
0.621637
0.503889
0.491774
0.566132
0.416085
0.211069
0.452115
0.776778
0.460188
0.180696
0.276234
0.615477
0.39255
0.157997
0.398474
0.542834
0.0468824
0.694892
0.40714
0.043414
0.63955
0.582996
0.166681
0.639787
0.383217
0.449515
0.744808
0.332939
0.642674
0.705445
0.549248
0.390921
0.878479
0.555121
0.245867
0.221919
0.0135344
0.13204
0.334099
0.639529
0.461641
0.578516
0.837431
0.445575
0.564835
0.428212
0.595495
0.518543
0.665185
0.677658
0.36862
0.307203
0.356985
0.973401
0.662392
0.975092
0.198053
0.44196
0.800476
0.152164
0.613318
0.511082
0.360472
0.537354
0.742968
0.613501
0.431418
0.572107
0.734079
0.503645
0.706714
0.6846
0.3485
0.403289
0.287517
0.298159
0.556451
0.23893
0.395647
0.557816
0.551139
0.445769
0.626704
0.517002
0.453685
0.654694
0.41595
0.486338
0.32976
0.499587
0.584739
0.310417
0.833884
0.586077
0.393059
0.18362
0.542175
0.500333
0.348932
0.486697
0.382943
0.581653
0.266793
0.912018
0.556428
0.86718
0.567234
0.628697
0.451622
0.532745
0.5031
0.341677
0.705441
0.421906
0.59548
0.585377
0.304861
0.843965
0.424635
0.459586
0.153441
0.837939
0.831055
0.563945
0.364077
0.620136
0.583217
0.321079
0.689843
0.0907034
0.470078
0.715848
0.118966
0.428054
0.750552
0.661288
0.254131
0.491526
0.346074
0.42009
0.697382
0.833356
0.181481
0.568954
0.417641
0.578082
0.263125
0.565708
0.622655
0.533707
0.445345
0.471424
0.605624
0.175994
0.12822
0.486942
0.379182
0.553205
0.423341
0.522208
0.798261
0.697915
0.878648
0.849971
0.460944
0.464371
0.476762
0.22529
0.252771
0.19485
0.466176
0.722561
0.347523
0.548277
0.811826
0.584477
0.188395
0.644979
0.231611
0.240187
0.482314
0.612013
0.675549
0.282288
0.548966
0.604317
0.476878
0.298686
0.234214
0.633607
0.716703
0.334155
0.663829
0.632531
0.504474
0.401556
0.523982
0.619173
0.673919
0.0399457
0.447932
0.634406
0.412606
0.608092
0.346305
0.597949
0.441175
0.446185
0.339422
0.601231
0.648022
0.623591
0.530055
0.395327
0.440354
0.154061
0.625877
0.452969
0.299864
0.455774
0.267394
0.335524
0.394452
0.311704
0.511798
0.326161
0.608295
0.648026
0.663935
0.206012
0.238285
0.246471
0.395312
0.302684
0.34
0.344675
0.504742
0.645366
0.515871
0.677654
0.389869
0.178297
0.769044
0.643867
0.33877
0.605996
0.661821
0.543699
0.668401
0.493921
0.424986
0.648602
0.499353
0.620752
0.436518
0.269033
0.762288
0.252623
0.536755
0.368537
0.742078
0.580759
0.288949
0.504062
0.613943
0.568932
0.561389
0.396635
0.46527
0.841136
0.0386012
0.152692
0.645776
0.182199
0.330724
0.832359
0.367413
0.574826
0.711009
0.117844
0.772922
0.479608
0.612498
0.37837
0.621193
0.482499
0.154672
0.503892
0.547779
0.517037
0.835267
0.643767
0.381888
0.253212
0.402446
0.314453
0.309627
0.584064
0.800049
0.527049
0.481025
0.473764
0.369722
0.402704
0.405098
0.833425
0.654302
0.454542
0.502385
0.521372
0.410302
0.221153
0.587589
0.435863
0.415861
0.572367
0.633295
0.495808
0.164279
0.234666
0.444066
0.00537701
0.25828
0.573886
0.619638
0.633921
0.177698
0.238665
0.631411
0.538632
0.530161
0.452871
0.313394
0.559212
0.121455
0.646856
0.359408
0.350946
0.619747
0.714102
0.350382
0.632564
0.802619
0.494609
0.67346
0.471275
0.783086
0.468923
0.668498
0.669861
0.482786
0.878838
0.605045
0.385309
0.44788
0.73111
0.580216
0.625605
0.287087
0.334078
0.442725
0.545175
0.406377
0.361318
0.455059
0.415287
0.460112
0.291944
0.648858
0.859147
0.160018
0.182808
0.731436
0.239642
0.404377
0.392711
0.559719
0.431385
0.835439
0.461209
0.648823
0.971249
0.761292
0.852077
0.555194
0.166572
0.94816
0.683356
0.300269
0.667472
0.303021
0.618327
0.695203
0.406026
0.532026
0.219836
0.0268198
0.277039
0.193137
0.545469
0.723049
0.668392
0.0562471
0.469465
0.395093
0.426873
0.653185
0.762231
0.403092
0.0685061
0.273325
0.275753
0.30208
0.450732
0.398504
0.754365
0.575092
0.527435
0.724447
0.62483
0.551712
0.233659
0.48452
0.593613
0.636806
0.659086
0.62113
0.284244
0.533394
0.198321
0.600835
0.39864
0.56914
0.280169
0.646648
0.811124
0.440233
0.638996
0.310067
0.447975
0.483213
0.642168
0.669865
0.519879
0.213177
0.303837
0.530517
0.423135
0.649171
0.619367
0.273844
0.664894
0.38572
0.391893
0.775196
0.34101
0.560049
0.76396
0.483234
0.492858
0.601815
0.851433
0.62253
0.466518
0.3057
0.613277
0.462799
0.586712
0.33095
0.311709
0.726292
0.660613
0.866748
0.481035
0.727062
0.462643
0.693509
0.503973
0.377608
0.363281
0.652959
0.363997
0.271524
0.906009
0.368382
0.60628
0.732262
0.586478
0.571913
0.627692
0.53907
0.851252
0.710419
0.495714
0.522452
0.873231
0.609774
0.4655
0.561402
0.556428
0.840335
0.651481
0.85921
0.62373
0.430476
0.496583
0.42298
0.428046
0.196451
0.390226
0.637141
0.498351
0.754054
0.561767
0.30789
0.520598
0.844077
0.486745
0.911245
0.749925
0.408847
0.2425
0.566459
0.589357
0.578239
0.940824
0.360009
0.788806
0.718957
0.52918
0.261738
0.557621
0.789396
0.653596
0.628731
0.320739
0.353117
0.671585
0.679455
0.183262
0.547624
0.386882
0.638455
0.573755
0.615561
0.485999
0.318921
0.365351
0.565167
0.453117
0.226024
0.841227
0.532466
0.441905
0.391773
0.517806
0.614803
0.0902492
0.539096
0.57726
0.546387
0.487078
0.796797
0.767889
0.385906
0.375261
0.576646
0.399647
0.35004
0.343269
0.238483
0.627043
0.634679
0.714186
0.621549
0.551352
0.708566
0.183793
0.313641
0.253172
0.493953
0.49735
0.61581
0.576091
0.36612
0.404922
0.455318
0.67034
0.517072
0.673548
0.220251
0.314932
0.877094
0.568148
0.451233
0.386069
0.765849
0.634675
0.296509
0.699374
0.687251
0.764674
0.787333
0.372617
0.106869
0.218234
0.157357
0.355082
0.721651
0.484954
0.660213
0.473189
0.572063
0.679494
0.399456
0.0974046
0.244057
0.463244
0.435866
0.591202
0.265451
0.40727
0.648637
0.292048
0.524493
0.791598
0.600684
0.350763
0.722572
0.59007
0.341033
0.618644
0.493977
0.19065
0.61919
0.510387
0.335416
0.503684
0.548719
0.461578
0.585214
0.617022
0.328773
0.407616
0.616814
0.39768
0.411171
0.609551
0.626538
