0.344732
0.0209629
0.552453
0.95018
0.361339
0.954288
0.670541
0.333566
0.307497
0.257026
0.308469
0.188851
0.585327
0.201571
0.437907
0.654277
0.724106
0.903061
0.115253
0.883354
0.553188
0.636116
0.261467
0.913238
0.89352
0.551056
0.864314
0.547336
0.361031
0.834135
0.565953
0.463507
0.263073
0.666247
0.645681
0.163904
0.552205
0.803382
0.905061
0.454256
0.692278
0.640414
0.850441
0.364878
0.16694
0.622723
0.608692
0.534251
0.0926205
0.139021
0.129069
0.292062
0.749611
0.0771686
0.696553
0.117603
0.556773
0.385567
0.339622
0.0993991
0.398164
0.72714
0.00152033
0.773323
0.854797
0.256902
0.673967
0.442459
0.948067
0.685779
0.67496
0.703279
0.609065
0.187724
0.752103
0.579959
0.0749306
0.207165
0.898492
0.729518
0.582434
0.276744
0.440816
0.41961
0.545414
0.973886
0.538817
0.344169
0.860512
0.664159
0.688916
0.616339
0.914796
0.337816
0.794518
0.763684
0.968977
0.763463
0.0324062
0.688837
0.540947
0.920591
0.494292
0.856231
0.0551387
0.286917
0.944218
0.525781
0.546723
0.0458292
0.814762
0.089659
0.111831
0.456735
0.471246
0.0894856
0.856397
0.0337787
0.0218453
0.186785
0.42222
0.0360139
0.0568466
0.511192
0.505805
0.430963
0.704574
0.906413
0.305722
0.421224
0.0250207
0.0115888
0.0810686
0.969208
0.886618
0.597377
0.487742
0.866143
0.771311
0.873342
0.814522
0.238506
0.632296
0.787143
0.116661
0.759313
0.287917
0.723427
0.830131
0.427912
0.864815
0.16783
0.948741
0.520834
0.85367
0.109429
0.860061
0.63856
0.222
0.404249
0.860382
0.328233
0.878096
0.502555
0.0453226
0.398119
0.558363
0.785542
0.188594
0.447797
0.0738159
0.49022
0.532437
0.2711
0.652998
0.637897
0.687209
0.673319
0.617824
0.19201
0.313387
0.84675
0.700637
0.437292
0.486837
0.303044
0.391082
0.164895
0.708047
0.618253
0.916166
0.640676
0.4844
0.30203
0.309705
0.588067
0.117424
0.296013
0.388799
0.427242
0.257505
0.838301
0.665682
0.75089
0.76115
0.0397231
0.23335
0.18399
0.902907
0.169499
0.160246
0.905746
0.805977
0.283128
0.329504
0.290305
0.32687
0.938089
0.727808
0.225406
0.619942
0.178758
0.956873
0.478064
0.398172
0.255319
0.813129
0.907075
0.265145
0.376972
0.35459
0.0518803
0.764499
0.504702
0.140363
0.476151
0.21842
0.654333
0.767616
0.876975
0.481986
0.5964
0.272716
0.432714
0.9186
0.0573616
0.365462
0.824904
0.600456
0.130443
0.517184
0.411511
0.058825
0.979175
0.085565
0.707573
0.673722
0.91382
0.142632
0.87987
0.862235
0.307177
0.842304
0.57807
0.0535657
0.032238
0.348731
0.184604
0.595071
0.582012
0.60971
0.460846
0.106279
0.671653
0.710735
0.740943
0.97408
0.636086
0.371867
0.902109
0.58169
0.474799
0.38333
0.448805
0.145542
0.983129
0.850631
0.713593
0.19108
0.473226
0.94022
0.0353141
0.521463
0.856778
0.863886
0.954947
0.513027
0.175775
0.910952
0.472066
0.926954
0.433975
0.414894
0.830386
0.921644
0.636592
0.800324
0.215576
0.559542
0.514097
0.827235
0.266388
0.6817
0.669453
0.436096
0.116984
0.121432
0.570293
0.889932
0.582443
0.0738115
0.605305
0.243143
0.0101321
0.617158
0.0830704
0.37615
0.940878
0.751416
0.750398
0.301003
0.852644
0.969604
0.936421
0.652716
0.799361
0.0550327
0.479537
0.210736
0.918637
0.336094
0.425341
0.924911
0.900103
0.465412
0.336638
0.0498375
0.308063
0.312003
0.126916
0.451995
0.730229
0.409806
0.126117
0.9286
0.498748
0.689364
0.905524
0.451268
0.366556
0.105992
0.655734
0.357975
0.997651
0.0512295
0.412344
0.683783
0.783916
0.205937
0.751585
0.958913
0.094993
0.76041
0.15606
0.942413
0.798998
0.814687
0.110638
0.227339
0.998074
0.773632
0.676168
0.507193
0.424179
0.383001
0.978193
0.528871
0.141182
0.152997
0.676673
0.791089
0.442439
0.142639
0.202492
0.637559
0.673855
0.20922
0.791235
0.362263
0.410891
0.228954
0.661624
0.914962
0.180785
0.651206
0.490668
0.319363
0.364656
0.536485
0.961215
0.212689
0.130064
0.813395
0.177975
0.141617
0.795994
0.631839
0.687191
0.592775
0.84406
0.471573
0.165161
0.89556
0.253196
0.730993
0.527426
0.584855
0.290899
0.0309247
0.332662
0.743318
0.270859
0.130805
0.697294
0.543028
0.842312
0.428357
0.400823
0.967523
0.16808
0.0980355
0.655674
0.0521048
0.632748
0.239048
0.262409
0.731926
0.279007
0.345272
0.800981
0.413437
0.0669302
0.153225
0.660076
0.353784
0.242705
0.178231
0.875837
0.645047
0.547303
0.608576
0.864825
0.913512
0.936956
0.763651
0.662329
0.742441
0.793802
0.10994
0.468614
0.533067
0.803848
0.349775
0.418697
0.169135
0.910794
0.29331
0.309483
0.487227
0.318106
0.611563
0.639326
0.183264
0.395778
0.336706
0.630523
0.514246
0.666081
0.0243731
0.636608
0.986535
0.700514
0.376157
0.0744218
0.782412
0.868975
0.870254
0.50988
0.433547
0.231046
0.815238
0.373453
0.330763
0.0695755
0.48946
0.556654
0.932654
0.635503
0.54908
0.712852
0.756112
0.852182
0.3364
0.119232
0.439719
0.667836
0.557662
0.830439
0.508621
0.693492
0.93563
0.647222
0.950691
0.830725
0.523719
0.034436
0.161024
0.478459
0.0854339
0.747676
0.595287
0.321833
0.309236
0.21105
0.116773
0.928558
0.26629
0.525346
0.921725
0.842736
0.930576
0.369814
0.577102
0.301091
0.543419
0.957252
0.727241
0.648916
0.0730779
0.469964
0.907849
0.817053
0.30804
0.447095
0.811231
0.0186817
0.33308
0.983644
0.112607
0.546914
0.341899
0.0384973
0.65693
0.705241
0.617725
0.23929
0.759898
0.00797603
0.328531
0.422389
0.247079
0.0915113
0.23822
0.8014
0.683604
0.0972945
0.7225
0.486726
0.0673319
0.861071
0.289519
0.701266
0.369848
0.757427
0.572924
0.180447
0.906993
0.577045
0.755397
0.00774565
0.775023
0.48195
0.351678
0.812521
0.827801
0.476557
0.952219
0.0307611
0.60597
0.152068
0.054955
0.630062
0.934616
0.546305
0.943518
0.75898
0.359293
0.775092
0.863053
0.885052
0.205476
0.499782
0.0913596
0.777621
0.0877255
0.72322
0.166951
0.94461
0.39644
0.769049
0.177714
0.0196358
0.989764
0.275127
0.679246
0.347544
0.489006
0.403
0.241502
0.818742
0.38218
0.399282
0.0544962
0.528492
0.620134
0.887408
0.52994
0.0375691
0.76638
0.493488
0.589931
0.495466
0.498825
0.521187
0.741652
0.974574
0.448568
0.36885
0.62934
0.21546
0.395426
0.916744
0.0713661
0.329937
0.0610767
0.65287
0.133108
0.354899
0.419834
0.29312
0.152537
0.30361
0.248286
0.214043
0.798693
0.365504
0.25439
0.803418
0.665076
0.252086
0.242235
0.0767294
0.655078
0.91227
0.566039
0.765671
0.0174319
0.156469
0.269055
0.240433
0.862012
0.820315
0.647786
0.650015
0.403414
0.562393
0.453742
0.54155
0.199567
0.0464608
0.749695
0.500084
0.335187
0.657353
0.0553421
0.849721
0.266764
0.87009
0.635119
0.0916661
0.300053
0.323288
0.952155
0.862632
0.274539
0.0529692
0.64726
0.618197
0.904138
0.406906
0.778691
0.477263
0.95346
0.955956
0.729097
0.426084
0.342723
0.737906
0.0947529
0.326095
0.922225
0.655598
0.811657
0.919003
0.0872661
0.401613
0.449034
0.343101
0.370939
0.0151181
0.543219
0.473162
0.88373
0.957424
0.241265
0.37108
0.409064
0.757548
0.91316
0.435126
0.8159
0.333891
0.523256
0.79569
0.905268
0.848754
0.568957
0.385682
0.0786796
0.437983
0.614335
0.764443
0.237993
0.581284
0.756511
0.565234
0.540031
0.0536445
0.586013
0.285144
0.892658
0.0664024
0.238557
0.158976
0.311798
0.872149
0.440189
0.266674
0.268863
0.585835
0.491381
0.826284
0.944265
0.262164
0.0452486
0.509337
0.362943
0.906172
0.827234
0.348947
0.0275647
0.856693
0.475185
0.614524
0.399493
0.367903
0.452091
0.264301
0.177852
0.951172
0.848544
0.264392
0.244539
0.395144
0.308703
0.0366474
0.523723
0.00447719
0.544493
0.47077
0.0798053
0.199999
0.416819
0.776067
0.100849
0.279954
0.33854
0.907887
0.298673
0.54419
0.201522
0.106585
0.449711
0.582856
0.0556495
0.522709
0.245285
0.827679
0.741299
0.27973
0.108872
0.689325
0.218824
0.778839
0.175531
0.463126
0.250052
0.233714
0.896108
0.427705
0.883615
0.780095
0.215126
0.555754
0.153679
0.245446
0.0972257
0.26738
0.450267
0.940466
0.708593
0.0331095
0.567562
0.0555316
0.592006
0.0438226
0.256791
0.853584
0.180965
0.901355
0.226585
0.0805223
0.300487
0.545446
0.190953
0.882831
0.702008
0.672146
0.465454
0.704073
0.829052
0.0834615
0.549007
0.352624
0.717338
0.599823
0.482456
0.564346
0.0569591
0.160134
0.917952
0.241593
0.251437
0.788661
0.500612
0.359899
0.444594
0.799472
0.280817
0.0936931
0.138862
0.785891
0.345297
0.59273
0.655854
0.371905
0.032404
0.0776664
0.134429
0.512628
0.284364
0.143095
0.841403
0.124092
0.417811
0.465123
0.751829
0.70561
0.0505031
0.026432
0.218446
0.0321141
0.948233
0.185689
0.826401
0.604043
0.396675
0.244128
0.200058
0.597868
0.0944533
0.236004
0.127241
0.316241
0.304415
0.92447
0.539181
0.156309
0.831336
0.684381
0.216844
0.991113
0.292728
0.84963
0.621243
0.111631
0.081008
0.108494
0.970372
0.355886
0.84013
0.828335
0.040665
0.436574
0.150202
0.263685
0.43297
0.158078
0.328977
0.787723
0.697623
0.953669
0.870375
0.468646
0.691757
0.483861
0.257247
0.182492
0.782415
0.966486
0.612122
0.329536
0.216103
0.701065
0.888164
0.82565
0.864684
0.115414
0.592535
0.785669
0.361609
0.994992
0.501233
0.500032
0.728266
0.895073
0.63971
0.660561
0.341708
0.667578
0.341875
0.208924
0.273505
0.783802
0.967951
0.899881
0.636907
0.904449
0.221592
0.685924
0.321108
0.254181
0.909805
0.755038
0.378898
0.182066
0.128806
0.558361
0.731377
0.892981
0.221467
0.273809
0.76317
0.092806
0.211163
0.768922
0.820533
0.577201
0.4368
0.540638
0.891418
0.746268
0.827635
0.418696
0.48144
0.329224
0.862818
0.41463
0.967255
0.53233
0.750864
0.674873
0.282007
0.182637
0.000779311
0.123954
0.537363
0.636142
0.961791
0.35938
0.977856
0.592545
0.914964
0.728017
0.0905867
0.831211
0.413825
0.701548
0.993531
0.595005
0.402953
0.903443
0.900272
0.430689
0.439037
0.936392
0.939234
0.0665655
0.881597
0.0730687
0.522533
0.882457
0.998735
0.727887
0.935278
0.709008
0.481045
0.925925
0.868848
0.663591
0.0020165
0.687065
0.00833083
0.370783
0.208621
0.366931
0.442226
0.0126629
0.393868
0.77787
0.507872
0.411099
0.289632
0.377913
0.0510499
0.622322
0.42582
0.619718
0.573364
0.848201
0.372866
0.646493
0.526494
0.741961
0.547442
0.703552
0.355793
0.546096
0.987706
0.0545934
0.0467724
0.540166
0.288427
0.266469
0.694341
0.987329
0.667279
0.3178
0.551134
0.64671
0.488834
0.0040948
0.984288
0.873215
0.255245
0.987725
0.358059
0.357098
0.827996
0.0507989
0.306318
0.944588
0.842181
0.774671
0.97157
0.808818
0.773587
0.0063955
0.683266
0.724327
0.457539
0.845078
0.561168
0.903411
0.77132
0.235039
0.133094
0.924548
0.0225746
0.545778
0.51106
0.260575
0.0270074
0.775369
0.3224
0.165198
0.121859
0.16765
0.620948
0.374498
0.909952
0.500627
0.546872
0.536007
0.655471
0.26687
0.63031
0.867499
0.140326
0.394885
0.337666
0.308802
0.934513
0.387344
0.21257
0.657698
0.566408
0.180581
0.548296
0.224172
0.00992673
0.805229
0.0737114
0.802413
0.9686
0.999642
0.301945
0.336418
0.221918
0.092178
0.701529
0.0925113
0.255535
0.754783
0.0293898
0.890576
0.876456
0.147279
0.772358
0.0931893
0.76677
0.782343
0.396395
0.0994615
0.611168
0.771442
0.80722
0.338975
0.285689
0.457026
0.402357
0.862873
0.733603
0.0797495
0.456389
0.576245
0.309041
0.481387
0.848378
0.199097
0.63006
0.166224
0.854231
0.375856
0.721102
0.603508
0.0470277
0.937896
0.041993
0.10796
0.115001
0.0686017
0.684639
0.707622
0.486508
0.469052
0.25949
0.612854
0.39807
0.228948
0.371938
0.619749
0.984131
0.393937
0.903266
0.538394
0.0363395
0.728375
0.467887
0.641695
0.483765
0.212562
0.411913
0.993971
0.717076
0.117307
0.714351
0.727
0.148319
0.650875
0.621792
0.464099
0.812138
0.432102
0.459168
0.273925
0.413787
0.188931
0.664495
0.918016
0.33842
0.999793
0.730466
0.352753
0.996114
0.99102
0.49526
0.625333
0.892367
0.237922
0.684811
0.473124
0.164401
0.14674
0.330774
0.429461
0.425545
0.123046
0.351187
0.79608
0.968156
0.191415
0.796135
0.656872
0.457029
0.854853
0.0390639
0.233146
0.257221
0.729736
0.102815
0.87849
0.915162
0.123806
0.581762
0.826169
0.546558
0.214514
0.341025
0.27962
0.0109955
0.5938
0.46042
0.360639
0.497205
0.591341
0.649384
0.900432
0.89866
0.285354
0.374078
0.864909
0.733736
0.303967
0.0327618
0.415582
0.451392
0.52069
0.657005
0.586473
0.266103
0.379168
0.457626
0.499485
0.479535
0.213244
0.181383
0.697711
0.892939
0.135117
0.174039
0.657764
0.830905
0.64352
0.895382
0.878982
0.382201
0.547022
0.22997
0.487577
0.460316
0.982186
0.0143846
0.106605
0.475292
0.911465
0.873071
0.0372124
0.421587
0.860299
0.0228407
0.379724
0.136765
0.726818
0.897456
0.703238
0.911117
0.251423
0.956924
0.512037
0.635512
0.862973
0.54508
0.168751
0.286481
0.116487
0.607562
0.299349
0.190534
0.716712
0.813832
0.0670088
0.162813
0.149528
0.110792
0.882099
0.132793
0.0102177
0.850037
0.42977
0.931048
0.652634
0.223951
0.264107
0.543782
0.838994
0.478052
0.404403
0.133588
0.805571
0.843607
0.76421
0.513603
0.667345
0.963961
0.916086
0.0605663
0.966031
0.785856
0.301841
0.818689
0.264975
0.635579
0.07145
0.858467
0.773108
0.777537
0.752814
0.938113
0.435691
0.638433
0.0284013
0.857579
0.0197386
0.138574
0.213391
0.992366
0.833081
0.353096
0.907436
0.88553
0.844998
0.596905
0.824047
0.514673
0.222939
0.420015
0.802317
0.707313
0.677669
0.00997864
0.33759
0.859581
0.193485
0.752458
0.347046
0.760474
0.750658
0.743339
0.20932
0.66178
0.55511
0.0397381
0.692202
0.550632
0.723511
0.511091
0.241008
0.447414
0.100672
0.131597
0.965291
0.651108
0.525809
0.141021
0.463142
0.399457
0.950758
0.165711
0.241883
0.832844
0.960164
0.643199
0.807707
0.229585
0.625366
0.151525
0.894998
0.446582
0.619556
0.255242
0.479396
0.470125
0.123804
0.771502
0.79862
0.0427052
0.734667
0.768058
0.201619
0.607736
0.4727
0.528554
0.939572
0.254733
0.0934925
0.293109
0.856777
0.874798
0.817872
0.148759
0.872558
0.322046
0.764344
0.0696869
0.695707
0.378802
0.289844
0.408823
0.9057
0.721509
0.917651
0.989281
0.968441
0.776377
0.264939
0.50564
0.0132432
0.00936613
0.571835
0.693141
0.146857
0.0337018
0.984826
0.51666
0.577886
0.832125
0.194363
0.0350504
0.0860691
0.084179
0.871071
0.761487
0.20373
0.458696
0.0940234
0.463336
0.669775
0.511041
0.59964
0.0650432
0.957624
0.67018
0.725671
0.0790439
0.318015
0.293523
0.883939
0.986217
0.940467
0.262604
0.809575
0.834759
0.466632
0.971044
0.86427
0.790643
0.896757
0.802462
0.67144
0.305756
0.59135
0.736491
0.835865
0.737698
0.543866
0.607951
0.435296
0.838511
0.302298
0.572889
0.812156
0.0862534
0.383896
0.603844
0.310894
0.979304
0.100755
0.698437
0.866146
0.380858
0.804531
0.743589
0.568324
0.0632421
0.770441
0.645306
0.131372
0.135161
0.73537
0.80667
0.632318
0.957569
0.680866
0.429522
0.84269
0.123423
0.631002
0.844689
0.863963
0.6903
0.809859
0.451595
0.830424
0.066711
0.588682
0.856923
0.780517
0.169724
0.496142
0.545837
0.675608
0.135017
0.470843
0.0708543
0.572299
0.971429
0.976094
0.274445
0.951468
0.778521
0.0350514
0.749098
0.667484
0.422385
0.546511
0.137892
0.00553134
0.491344
0.726053
0.342656
0.836193
0.299118
0.651244
0.564526
0.0308442
0.187155
0.422214
0.170698
0.896143
0.277037
0.977478
0.864848
0.111332
0.683646
0.133882
0.408424
0.657051
0.143197
0.473823
0.693004
0.428635
0.0229807
0.487101
0.821053
0.15513
0.9469
0.594519
0.0840972
0.808283
0.320473
0.071188
0.335581
0.454401
0.289475
0.0410763
0.39338
0.466875
0.0187122
0.319751
0.974123
0.0373359
0.230392
0.281062
0.158678
0.897579
0.839578
0.530678
0.747035
0.353455
0.228911
0.994373
0.252535
0.0515663
0.955071
0.104645
0.892791
0.997819
0.490574
0.869218
0.322073
0.738628
0.345274
0.866109
0.613999
0.386415
0.541429
0.92904
0.496148
0.573182
0.982296
0.155204
0.216875
0.974964
0.821823
0.0808772
0.604767
0.700805
0.545373
0.584786
0.149953
0.212738
0.164501
0.862491
0.741355
0.894974
0.0590654
0.684543
0.694729
0.44824
0.306444
0.133176
0.931909
0.421481
0.694112
0.0722725
0.052471
0.248564
0.453968
0.920466
0.585513
0.586526
0.956306
0.555261
0.448325
0.87687
0.606998
0.801969
0.719125
0.452275
0.0201369
0.960552
0.930467
0.438487
0.160636
0.457937
0.0909265
0.368258
0.640861
0.72423
0.521094
0.310533
0.105032
0.392592
0.53188
0.912562
0.589058
0.764423
0.510389
0.297989
0.158141
0.957809
0.798021
0.328146
0.202214
0.0912604
0.295874
0.242953
0.297987
0.341745
0.0492652
0.0882899
0.019088
0.0174397
0.232864
0.0418841
0.464496
0.216771
0.286944
0.877296
0.283549
0.913831
0.935101
0.402925
0.357931
0.119731
0.833756
0.496421
0.395022
0.440651
0.328001
0.164279
0.514538
0.728206
0.0164281
0.420597
0.79817
0.0232816
0.149058
0.465136
0.101761
0.313628
0.712378
0.266642
0.537664
0.202261
0.126502
0.214389
0.585706
0.152396
0.656457
0.628506
0.339825
0.235194
0.717791
0.961689
0.642909
0.746585
0.518227
0.16023
0.200272
0.816072
0.894807
0.323905
0.598445
0.100589
0.245656
0.626806
0.438982
0.672008
0.588199
0.384106
0.810343
0.219758
0.341482
0.525817
0.486339
0.871281
0.0260031
0.545899
0.296279
0.449228
0.87458
0.807017
0.580768
0.778015
0.534633
0.592693
0.959546
0.180804
0.704624
0.772381
0.719954
0.965069
0.930166
0.90298
0.0013936
0.203632
0.17267
0.914387
0.713233
0.823673
0.0159629
0.307364
0.795371
0.460359
0.307799
0.221431
0.635429
0.471766
0.508943
0.402921
0.97909
0.385429
0.655643
0.646357
0.931963
0.0286257
0.184348
0.532877
0.971202
0.997884
0.877621
0.737216
0.732559
0.0163294
0.39126
0.238304
0.0184842
0.588851
0.68496
0.0750129
0.369628
0.650171
0.608117
0.982038
0.451462
0.820819
0.336133
0.920453
0.303166
0.118798
0.219883
0.940352
0.616061
0.232555
0.102575
0.559353
0.491032
0.590256
0.74792
0.739876
0.0287705
0.0297134
0.713824
0.650104
0.377611
0.35784
0.421822
0.959804
0.0642959
0.152664
0.5877
0.11811
0.452084
0.717398
0.444665
0.841834
0.591258
0.653038
0.36588
0.404039
0.767452
0.322881
0.571998
0.732571
0.139542
0.673582
0.609421
0.419955
0.378935
0.489505
0.701558
0.117638
0.648958
0.591444
0.842621
0.722506
0.718453
0.564274
0.437191
0.516315
0.00801821
0.403201
0.194837
0.275007
0.744875
0.0698188
0.519865
0.739123
0.0315386
0.604221
0.632982
0.178645
0.818434
0.925779
0.956048
0.457319
0.198097
0.761627
0.32383
0.77715
0.176563
0.872219
0.75553
0.183917
0.953947
0.78859
0.226154
0.616847
0.224367
0.222933
0.807904
0.484169
0.195344
0.713166
0.493983
0.606043
0.298232
0.699308
0.277365
0.857114
0.193782
0.28104
0.152886
0.0790461
0.317452
0.904876
0.538601
0.782696
0.0987274
0.16515
0.604058
0.490164
0.989936
0.968622
0.967525
0.421227
0.119841
0.222643
0.962468
0.105986
0.985345
0.527955
0.232658
0.627207
0.217986
0.75904
0.482116
0.410008
0.682581
0.315156
0.881752
0.199305
0.232929
0.472978
0.0641401
0.557936
0.553851
0.868278
0.440813
0.998763
0.386749
0.922621
0.772145
0.72799
0.792281
0.696745
0.486615
0.965786
0.818498
0.254676
0.494954
0.599448
0.751796
0.630999
0.676472
0.415136
0.58829
0.377632
0.178602
0.560401
0.804485
0.316601
0.544127
0.683095
0.103602
0.784695
0.376022
0.0696112
0.48648
0.269407
0.6335
0.787673
0.964731
0.0946835
0.0516802
0.353916
0.971604
0.198979
0.727477
0.836676
0.405529
0.521286
0.824518
0.407619
0.61844
0.07248
0.357722
0.643064
0.50132
0.354562
0.140337
0.749404
0.263115
0.966649
0.92375
0.193957
0.950267
0.60285
0.212055
0.572254
0.0570426
0.99236
0.105274
0.40935
0.148199
0.583863
0.718651
0.969229
0.480688
0.963492
0.368684
0.252589
0.157138
0.475726
0.576572
0.721213
0.463439
0.75743
0.526197
0.000390755
0.117718
0.647206
0.919899
0.240798
0.135795
0.450926
0.484453
0.236202
0.811229
0.0238812
0.641591
0.397617
0.283984
0.870934
0.366306
0.507489
0.0584585
0.245362
0.823593
0.739412
0.220641
0.291928
0.872589
0.678423
0.570467
0.470496
0.613785
0.00276134
0.441791
0.256649
0.772161
0.0586509
0.347683
0.559061
0.714032
0.124193
0.863958
0.49283
0.115952
0.377839
0.955163
0.683235
0.0424167
0.172599
0.874582
0.43245
0.772976
0.584135
0.0253609
0.837892
0.333343
0.0139676
0.335495
0.0103494
0.230835
0.300181
0.317398
0.485587
0.608106
0.196228
0.525656
0.245771
0.37434
0.570955
0.963471
0.485642
0.755028
0.537074
0.492632
0.173245
0.926422
0.0920182
0.0754521
0.265156
0.194912
0.599681
0.465194
0.653468
0.718855
0.749339
0.787588
0.268353
0.613844
0.975626
0.909173
0.103812
0.664253
0.0978593
0.726309
0.810132
0.856429
0.602024
0.387464
0.49934
0.992414
0.569455
0.550108
0.476644
0.161741
0.993352
0.277386
0.887279
0.730726
0.866852
0.0305747
0.323703
0.070134
0.568313
0.0515539
0.266677
0.144886
0.00277641
0.901437
0.663032
0.969173
0.131269
0.87597
0.252849
0.646193
0.526558
0.323344
0.51486
0.898748
0.556101
0.50927
0.131443
0.941682
0.884712
0.749661
0.297117
0.716415
0.93813
0.96081
0.169278
0.980525
0.620236
0.0560627
0.982227
0.458177
0.363582
0.386134
0.456671
0.354785
0.76204
0.134521
0.0978834
0.264902
0.596693
0.0920758
0.721839
0.968571
0.920766
0.615209
0.314029
0.553262
0.934156
0.0639951
0.16718
0.324495
0.228804
0.973194
0.590368
0.348429
0.37364
0.827062
0.835197
0.775193
0.779071
0.778038
0.39496
0.710055
0.256211
0.754833
0.682579
0.369949
0.189798
0.313849
0.631141
0.731398
0.816827
0.0884381
0.132785
0.735618
0.046555
0.979165
0.316221
0.511354
0.462798
0.191775
0.157598
0.698842
0.359574
0.17836
0.0585085
0.0461004
0.161987
0.0174825
0.128278
0.596737
0.331287
0.894398
0.625225
0.916247
0.795789
0.327802
0.640186
0.935005
0.998859
0.431973
0.182371
0.921895
0.761266
0.610707
0.259437
0.727722
0.614396
0.971152
0.464708
0.0329522
0.068948
0.0489477
0.184945
0.813497
0.661788
0.529869
0.0493063
0.882936
0.477158
0.0267435
0.391953
0.961482
0.544892
0.0479241
0.460189
0.168101
0.6048
0.703411
0.715754
0.460252
0.416632
0.0627871
0.0775052
0.741202
0.41218
0.985662
0.902561
0.11168
0.678681
0.96436
0.19245
0.826666
0.854952
0.911632
0.988636
0.409993
0.892309
0.692997
0.611735
0.833822
0.235317
0.495624
0.163863
0.375802
0.457942
0.738655
0.229084
0.593424
0.857299
0.00222664
0.579315
0.333365
0.0124101
0.881666
0.516279
0.982841
0.948974
0.566416
0.239875
0.930451
0.931477
0.062373
0.403561
0.442046
0.22846
0.265386
0.253945
0.341564
0.401992
0.168355
0.126
0.139478
0.141153
0.85022
0.946676
0.790187
0.937636
0.86797
0.298005
0.232945
0.896022
0.818264
0.326247
0.258477
0.905258
0.958967
0.308234
0.682151
0.135774
0.400314
0.497061
0.844226
0.74006
0.746043
0.278372
0.503777
0.932656
0.657063
0.611079
0.604097
0.965284
0.277283
0.7584
0.897781
0.529363
0.209181
0.116691
8.65009e-05
0.367864
0.894451
0.214454
0.811481
0.253641
0.2611
0.232358
0.969302
0.203206
0.151904
0.447016
0.868627
0.427902
0.567224
0.498925
0.504457
0.514566
0.986669
0.598007
0.0359184
0.0371713
0.106299
0.0717425
0.670735
0.080916
0.0648637
0.487422
0.0121876
0.686253
0.933682
0.552724
0.760405
0.574909
0.529269
0.726816
0.704917
0.199005
0.410319
0.0139674
0.703039
0.49287
0.1763
0.945111
0.925634
0.0286131
0.918469
0.40566
0.223278
0.467083
0.773002
0.148323
0.584235
0.943299
0.696071
0.840643
0.795749
0.376436
0.842391
0.388349
0.647295
0.826843
0.723555
0.0717337
0.472793
0.0929422
0.268367
0.568381
0.638896
0.531872
0.97121
0.747114
0.79345
0.0247256
0.043834
0.14386
0.542974
0.47379
0.780954
0.429153
0.681605
0.334809
0.861905
0.298804
0.205173
0.0672259
0.0344107
0.684614
0.0944866
0.421015
0.203933
0.969113
0.0469968
0.040494
0.985189
0.128422
0.496152
0.57552
0.0897235
0.187706
0.570241
0.198908
0.717025
0.193976
0.707831
0.743962
0.0759488
0.809333
0.104269
0.973825
0.77896
0.400613
0.524941
0.432602
0.916536
0.820635
0.479324
0.739103
0.0690921
0.832324
0.323051
0.18963
0.0322563
0.18354
0.0637138
0.875413
0.81763
0.0253294
0.463203
0.0776615
0.77369
0.881384
0.392966
0.665917
0.0974311
0.947447
0.331785
0.82168
0.882964
0.152583
0.450016
0.48578
0.728743
0.617443
0.475456
0.366189
0.116135
0.813811
0.495694
0.125023
0.261136
0.773296
0.790207
0.846976
0.816154
0.567902
0.695813
0.341677
0.135363
0.569187
0.634053
0.232778
0.92906
0.360253
0.816318
0.483149
0.615592
0.696986
0.610376
0.818581
0.562973
0.368509
0.958997
0.9762
0.436151
0.339071
0.331763
0.703942
0.674855
0.12684
0.259334
0.0565993
0.739498
0.842788
0.490561
0.643058
0.356072
0.0642205
0.766023
0.539631
0.694097
0.368048
0.784845
0.63853
0.0698824
0.564662
0.448832
0.166016
0.456967
0.184362
0.661657
0.768616
0.74439
0.693654
0.492536
0.145642
0.792547
0.487583
0.220839
0.20288
0.367797
0.534943
0.562731
0.702362
0.767791
0.274021
0.817118
0.404713
0.0703684
0.769853
0.0544823
0.555341
0.68665
0.216404
0.199681
0.628988
0.0375658
0.487951
0.25335
0.536672
0.841623
0.822153
0.703931
0.536794
0.242912
0.589505
0.25493
0.702204
0.0929729
0.404382
0.528031
0.869354
0.276393
0.545905
0.386189
0.467153
0.902368
0.638151
0.379753
0.905192
0.789082
0.127598
0.0863867
0.473915
0.307395
0.051243
0.867242
0.722636
0.108868
0.891119
0.898216
0.168027
0.412847
0.306384
0.562732
0.324599
0.315329
0.397629
0.459684
0.0115191
0.131953
0.435177
0.833073
0.51977
0.911177
0.893757
0.770785
0.386827
0.325747
0.615466
0.144534
0.0865749
0.0155595
0.0268359
0.439508
0.0820281
0.269414
0.567183
0.94652
0.912806
0.990998
0.347789
0.0427067
0.677177
0.730324
0.924691
0.739405
0.515039
0.766301
0.0967142
0.623835
0.191294
0.49927
0.0490756
0.0622664
0.780006
0.584053
0.819141
0.67081
0.519803
0.293244
0.232829
0.390034
0.361933
0.268561
0.652893
0.08988
0.361283
0.271061
0.544585
0.0587469
0.889655
0.0658576
0.372625
0.0539458
0.66785
0.354979
0.96282
0.250531
0.777936
0.243512
0.314578
0.754895
0.365313
0.62173
0.385888
0.340553
0.0658482
0.801987
0.245374
0.423029
0.805331
0.43533
0.800543
0.447946
0.984572
0.796923
0.639147
0.249494
0.285212
0.307449
0.970714
0.459917
0.803937
0.127536
0.988024
0.314296
0.207927
0.308738
0.411317
0.926186
0.42536
0.32843
0.617569
0.264433
0.214788
0.387494
0.946333
0.781712
0.302935
0.27405
0.570183
0.935823
0.72089
0.858353
0.848947
0.311199
0.348782
0.447604
0.103574
0.685117
0.358008
0.278895
0.701589
0.347877
0.240768
0.127382
0.647334
0.600035
0.70494
0.401275
0.539442
0.122673
0.569576
0.560061
0.588935
0.54654
0.622589
0.188358
0.665122
0.711807
0.0896791
0.0554363
0.717413
0.723727
0.340249
0.479728
0.188368
0.839444
0.315144
0.790638
0.242241
0.024646
0.715906
0.761011
0.205589
0.320271
0.332887
0.332724
0.506994
0.921029
0.672176
0.826594
0.937859
0.645625
0.677636
0.651372
0.798735
0.115859
0.970947
0.105358
0.089191
0.677552
0.100223
0.659357
0.0583826
0.697509
0.685794
0.750964
0.950686
0.744392
0.688817
0.546157
0.855431
0.859513
0.723591
0.105342
0.816234
0.956147
0.517999
0.450748
0.782446
0.0208213
0.592787
0.884855
0.446569
0.312299
0.272484
0.919577
0.261704
0.770938
0.524789
0.756508
0.471116
0.548099
0.423818
0.12695
0.807729
0.957029
0.58058
0.789943
0.656195
0.942574
0.37667
0.241961
0.00302294
0.203096
0.515624
0.922107
0.0817329
0.420398
0.75177
0.131572
0.408729
0.886963
0.869773
0.952913
0.260408
0.766913
0.87678
0.89673
0.238061
0.394182
0.0431109
0.9898
0.395721
0.104567
0.097789
0.41093
0.53619
0.723904
0.975682
0.355018
0.805644
0.374211
0.612315
0.826387
0.940816
0.0723551
0.803895
0.649308
0.453101
0.985366
0.675133
0.37499
0.0874302
0.707291
0.461462
0.303482
0.405526
0.748052
0.438548
0.982374
0.829192
0.957566
0.307915
0.783587
0.156269
0.665078
0.102792
0.533354
0.891552
0.674251
0.0248148
0.738588
0.429739
0.917405
0.585076
0.655007
0.256837
0.928573
0.608896
0.725178
0.917276
0.822707
0.0776195
0.294332
0.488495
0.646704
0.811418
0.34694
0.974549
0.435662
0.303812
0.388597
0.428159
0.338863
0.0209743
0.638442
0.0519305
0.897536
0.255073
0.211393
0.506954
0.855997
0.510681
0.236302
0.54843
0.707999
0.0436009
0.159118
0.557269
0.128437
0.28858
0.0177401
0.193303
0.219005
0.0123946
0.497515
0.291754
0.675255
0.473498
0.763555
0.501827
0.955749
0.00756777
0.472052
0.663607
0.947943
0.0425912
0.300835
0.237024
0.50108
0.950114
0.397097
0.731675
0.22405
0.10788
0.6563
0.862086
0.862589
0.434098
0.278517
0.807053
0.733165
0.724871
0.3835
0.798416
0.000106823
0.965125
0.100616
0.135137
0.600039
0.310017
0.865469
0.785094
0.70279
0.29742
0.354744
0.282165
0.567936
0.941415
0.240674
0.830814
0.477108
0.305548
0.300698
0.449161
0.374028
0.0913903
0.680415
0.996531
0.415033
0.783529
0.629485
0.184375
0.366239
0.034389
0.676737
0.564618
0.165415
0.157176
0.877035
0.854538
0.713836
0.439588
0.533034
0.928624
0.564146
0.887014
0.337072
0.271991
0.384605
0.390126
0.816921
0.590705
0.527118
0.452844
0.0200849
0.588239
0.52708
0.739021
0.637712
0.237851
0.762643
0.27695
0.941773
0.915252
0.523763
0.234111
0.393821
0.771148
0.646331
0.718354
0.755539
0.49414
0.638844
0.351715
0.306364
0.237028
0.520838
0.339105
0.908487
0.556239
0.705192
0.0373976
0.186761
0.409625
0.719319
0.122843
0.785487
0.246745
0.450214
0.56642
0.712055
0.843895
0.884372
0.372416
0.0985055
0.504109
0.13176
0.349604
0.33137
0.532694
0.37977
0.779621
0.939965
0.719747
0.151152
0.995504
0.451881
0.166124
0.160639
0.950221
0.636148
0.797368
0.704476
0.527581
0.653582
0.571755
0.188336
0.0247452
0.804897
0.565367
0.764797
0.885054
0.38248
0.0611988
0.130996
0.925351
0.795795
0.946612
0.255862
0.897022
0.753546
0.617597
0.4813
0.210113
0.785759
0.841371
0.702562
0.246929
0.568419
0.198502
0.324973
0.142665
0.775942
0.112859
0.126272
0.882356
0.696034
0.909181
0.664819
0.442599
0.0370812
0.840508
0.139503
0.684688
0.808041
0.127547
0.760595
0.515886
0.827226
0.218147
0.281303
0.284822
0.257434
0.791213
0.364815
0.86393
0.987639
0.67899
0.407073
0.535611
0.375815
0.134907
0.214927
0.866671
0.565514
0.368071
0.322085
0.242943
0.744453
0.395589
0.693537
0.96959
0.339183
0.887874
0.400385
0.565753
0.739449
0.303885
0.455005
0.297165
0.489897
0.821454
0.244987
0.468931
0.4451
0.473078
0.719595
0.855166
0.100963
0.631904
0.50024
0.850319
0.0974857
0.487922
0.77874
0.935741
0.965287
0.676212
0.0255806
0.674325
0.0178311
0.653963
0.518643
0.0353944
0.886595
0.379807
0.766638
0.94035
0.0393707
0.916217
0.335011
0.624303
0.456498
0.780149
0.746868
0.686815
0.688408
0.334392
0.366794
0.0035354
0.385728
0.577216
0.661016
0.592585
0.240431
0.633377
0.294572
0.810603
0.636749
0.639209
0.6406
0.184714
0.606103
0.489935
0.395762
0.481322
0.433992
0.193194
0.310842
0.299274
0.781962
0.00101457
0.470136
0.131974
0.189501
0.0960655
0.703441
0.358674
0.261647
0.00383114
0.457802
0.173588
0.472976
0.0804348
0.277762
0.375409
0.568988
0.143266
0.793972
0.354962
0.363379
0.717336
0.263202
0.914012
0.661606
0.317688
0.542924
0.148619
0.0985222
0.659514
0.726216
0.108052
0.173392
0.418931
0.144225
0.243136
0.501136
0.793921
0.897045
0.418858
0.720048
0.708416
0.969817
0.40041
0.194311
0.361063
0.379714
0.137932
0.78048
0.243792
0.757631
0.819118
0.919667
0.0654739
0.0851435
0.748806
0.539174
0.71986
0.0296228
0.159482
0.615646
0.737979
0.466101
0.130835
0.0934036
0.514034
0.266246
0.983261
0.0997989
0.415832
0.698721
0.893963
0.154825
0.453432
0.567463
0.941302
0.0234494
0.319425
0.597778
0.59647
0.541443
0.862139
0.976859
0.832598
0.292758
0.0556168
0.772998
0.477547
0.937187
0.843252
0.689919
0.991339
0.813469
0.17357
0.938696
0.0730275
0.116984
0.706116
0.217197
0.667129
0.410877
0.976436
0.579538
0.522015
0.357287
0.422684
0.393258
0.807532
0.116845
0.269468
0.606374
0.525027
0.489577
0.195508
0.755177
0.152024
0.303634
0.710949
0.0990922
0.945481
0.672215
0.62346
8.79779e-05
0.764547
0.315096
0.76086
0.910888
0.438186
0.875291
0.186864
0.837531
0.230804
0.847524
0.70602
0.94699
0.277284
0.0560656
0.182822
0.767909
0.280802
0.906943
0.731857
0.903027
0.115143
0.220197
0.225954
0.517109
0.28413
0.511399
0.744785
0.662379
0.582168
0.772916
0.103167
0.271934
0.59222
0.41326
0.5374
0.0602648
0.0225491
0.590044
0.317229
0.655553
0.61924
0.824048
0.607003
0.074462
0.780347
0.83836
0.783802
0.00142673
0.672885
0.581479
0.172982
0.633766
0.374598
0.908219
0.531549
0.694656
0.735275
0.541473
0.270441
0.994092
0.396268
0.0962866
0.291876
0.770967
0.669548
0.523106
0.39681
0.517197
0.654297
0.597494
0.064887
0.803984
0.383228
0.862413
0.297694
0.405541
0.294092
0.314414
0.855668
0.0158154
0.608738
0.134765
0.811317
0.453547
0.73456
0.750869
0.230202
0.906001
0.0942707
0.127496
0.63179
0.776534
0.218265
0.896173
0.291943
0.446108
0.763769
0.639093
0.799552
0.0778734
0.115889
0.381954
0.202715
0.681638
0.946365
0.0773643
0.67618
0.779492
0.874403
0.520338
0.665141
0.465208
0.508459
0.149801
0.713005
0.990056
0.445421
0.45863
0.750724
0.655894
0.254651
0.350419
0.268668
0.025942
0.890863
0.027973
0.828077
0.639177
0.586329
0.870596
0.847691
0.673269
0.731474
0.653029
0.597223
0.0373908
0.80512
0.0271593
0.541058
0.125086
0.206866
0.244369
0.263389
0.175162
0.805717
0.221241
0.965895
0.370812
0.210729
0.698568
0.291705
0.823884
0.550564
0.345477
0.798407
0.923484
0.222648
0.688234
0.640517
0.227744
0.576517
0.450949
0.0722674
0.801443
0.488637
0.205687
0.851452
0.431543
0.517988
0.00129677
0.0425434
0.623987
0.1809
0.254839
0.679658
0.890448
0.567604
0.36549
0.617269
0.528677
0.840136
0.710741
0.381482
0.298223
0.52665
0.833512
0.116893
0.433535
0.115775
0.531847
0.93911
0.70198
0.552253
0.67661
0.0255839
0.387174
0.716672
0.773067
0.140084
0.564884
0.25289
0.651346
0.649768
0.3808
0.210523
0.437455
0.644725
0.377444
0.586809
0.248486
0.593439
0.244132
0.0640187
0.169139
0.614277
0.350853
0.61679
0.666462
0.391757
0.147669
0.147694
0.231445
0.0927615
0.683553
0.68528
0.729343
0.778711
0.223086
0.671754
0.620534
0.692135
0.34853
0.376991
0.60276
0.71482
0.316047
0.237769
0.391197
0.403991
0.497809
0.848776
0.439522
0.60594
0.34151
0.891172
0.262843
0.609809
0.103192
0.0594395
0.310869
0.230972
0.83154
0.0779951
0.296617
0.576357
0.702541
0.925803
0.791765
0.0978691
0.486402
0.781259
0.10185
0.128015
0.172786
0.978794
0.16861
0.883606
0.0984281
0.622413
0.517026
0.513519
0.274626
0.083916
0.767324
0.470871
0.421483
0.977993
0.873474
0.827181
0.828469
0.446378
0.528642
0.75084
0.0354382
0.328105
0.670612
0.60989
0.110622
0.458022
0.15303
0.579158
0.214374
0.34055
0.463017
0.597916
0.0505876
0.173145
0.871236
0.813817
0.767693
0.603079
0.42998
0.449688
0.554133
0.742241
0.544467
0.433488
0.910334
0.784166
0.793499
0.784868
0.992717
0.978465
0.401578
0.883856
0.437303
0.566269
0.750733
0.373217
0.326423
0.509783
0.403766
0.8332
0.743622
0.0164301
0.169247
0.446345
0.502852
0.659361
0.82236
0.515023
0.830765
0.761554
0.0353127
0.182765
0.475888
0.770371
0.301115
0.389375
0.86605
0.872913
0.779001
0.78129
0.0205648
0.840063
0.722036
0.666138
0.665224
0.12659
0.671676
0.417722
0.756901
0.379698
0.576717
0.694621
0.624003
0.054923
0.869482
0.720919
0.925257
0.484985
0.686734
0.554233
0.404904
0.438232
0.467107
0.885538
0.802256
0.923007
0.011937
0.16971
0.169311
0.313482
0.427552
0.580694
0.326339
0.751253
0.0142931
0.380043
0.778668
0.338508
0.468882
0.983756
0.428242
0.842208
0.646327
0.762776
0.177495
0.743662
0.104155
0.778571
0.814732
0.469558
0.0772968
0.265493
0.78032
0.49549
0.10816
0.797382
0.553051
0.458288
0.573259
0.502048
0.474155
0.557436
0.223401
0.2281
0.20495
0.669544
0.13709
0.610789
0.712694
0.298202
0.081361
0.489662
0.587851
0.00750616
0.738026
0.580125
0.784283
0.98901
0.0682513
0.782566
0.811272
0.703145
0.283367
0.148285
0.0854762
0.210096
0.709163
0.0933425
0.358541
0.669426
0.0577114
0.291204
0.982028
0.545632
0.708029
0.552293
0.542865
0.334653
0.97813
0.472333
0.772572
0.170507
0.327516
0.281342
0.958034
0.26295
0.945032
0.436501
0.675491
0.920219
0.557107
0.113045
0.185227
0.458877
0.703904
0.782562
0.0602956
0.279247
0.0723574
0.63447
0.467935
0.758777
0.72534
0.993471
0.29191
0.328661
0.627864
0.595002
0.306111
0.05862
0.700243
0.193596
0.440417
0.0916354
0.868275
0.306758
0.867918
0.450863
0.572387
0.916931
0.200148
0.394354
0.183994
0.532859
0.137501
0.233412
0.852564
0.239966
0.781473
0.0261599
0.484249
0.288138
0.584269
0.886919
0.453226
0.362099
0.344469
0.479455
0.660727
0.44992
0.820704
0.346851
0.910951
0.603294
0.756957
0.562813
0.236953
0.33284
0.30756
0.726328
0.944775
0.819512
0.937851
0.320833
0.4245
0.253461
0.025913
0.590441
0.668947
0.24559
0.760738
0.741682
0.788118
0.783674
0.682958
0.701365
0.746946
0.698611
0.599348
0.533992
0.162611
0.932511
0.599221
0.653317
0.750766
0.929052
0.814918
0.785385
0.997075
0.768014
0.600875
0.601526
0.143051
0.198907
0.170966
0.121175
0.898414
0.721055
0.823137
0.418098
0.636828
0.569712
0.342337
0.836115
0.77019
0.872457
0.689623
0.135703
0.878926
0.619822
0.434448
0.0999813
0.434057
0.222563
0.918141
0.358853
0.987224
0.71727
0.960704
0.406741
0.720472
0.414065
0.340679
0.10525
0.830887
0.230928
0.781413
0.545192
0.681834
0.58145
0.29301
0.933422
0.626854
0.485134
0.0244202
0.25654
0.404107
0.568845
0.584344
0.27812
0.490101
0.130578
0.800016
0.355773
0.130781
0.898731
0.0873171
0.590106
0.0407192
0.445894
0.257641
0.524141
0.0243727
0.916278
0.670381
0.954531
0.866009
0.973205
0.390992
0.0466451
0.2567
0.576725
0.739535
0.743254
0.228836
0.250392
0.468108
0.292567
0.928715
0.836933
0.968328
0.785024
0.488302
0.824062
0.972946
0.710299
0.916141
0.3726
0.173519
0.832594
0.471938
0.505547
0.693287
0.340688
0.858095
0.305378
0.429524
0.201688
0.454948
0.353312
0.445864
0.826254
0.847757
0.160835
0.123078
0.265948
0.928818
0.783626
0.969573
0.174417
0.150346
0.73619
0.426262
0.756601
0.498966
0.447658
0.884433
0.70057
0.239916
0.275541
0.357006
0.0618909
0.634043
0.0945891
0.436412
0.755199
0.418095
0.0369234
0.426655
0.624703
0.41305
0.959378
0.157929
0.567751
0.47147
0.0172735
0.0813063
0.592479
0.434417
0.935906
0.122804
0.404261
0.306493
0.975711
0.773595
0.122956
0.684809
0.430059
0.751515
0.274234
0.437007
0.109219
0.669031
0.488953
0.810828
0.482151
0.72032
0.99609
0.892266
0.162162
0.146339
0.455684
0.176371
0.940985
0.628706
0.743649
0.0901846
0.906736
0.151314
0.136715
0.52054
0.990777
0.360312
0.86807
0.12742
0.08369
0.987835
0.336396
0.725113
0.154767
0.570514
0.30862
0.720311
0.716019
0.110366
0.0804871
0.780045
0.812207
0.219953
0.704283
0.366855
0.98163
0.722245
0.895612
0.809461
0.969303
0.407466
0.701269
0.266268
0.233244
0.842506
0.0169724
0.729801
0.834665
0.763027
0.264024
0.145134
0.100938
0.965941
0.4729
0.695436
0.971333
0.929773
0.450452
0.353655
0.663105
0.0350353
0.431324
0.923171
0.404962
0.839597
0.324252
0.331584
0.825858
0.240391
0.199236
0.835674
0.541322
0.0204235
0.93164
0.0666403
0.402168
0.782277
0.161778
0.815965
0.645207
0.479347
0.524829
0.7274
0.899351
0.899968
0.579044
0.490668
0.6262
0.430572
0.833861
0.541691
0.350777
0.494091
0.329632
0.170886
0.295948
0.97917
0.347555
0.134314
0.748034
0.250957
0.673724
0.339622
0.760068
0.300144
0.247916
0.312977
0.778789
0.654985
0.572695
0.377719
0.670697
0.0684314
0.511563
0.96567
0.313866
0.120604
0.663864
0.179798
0.13881
0.300209
0.315929
0.708948
0.89697
0.598442
0.534578
0.96502
0.026935
0.115608
0.821383
0.726605
0.616203
0.494491
0.18249
0.208679
0.531929
0.40317
0.0311407
0.927841
0.99035
0.993468
0.87755
0.844279
0.86041
0.578326
0.228591
0.810776
0.65138
0.504008
0.0147944
0.615652
0.488922
0.0581078
0.428305
0.314487
0.806007
0.159475
0.361482
0.635372
0.926377
0.560267
0.414714
0.366216
0.453797
0.622615
0.0274365
0.0707054
0.723453
0.492762
0.460413
0.558918
0.729381
0.254079
0.170603
0.00164544
0.449965
0.276847
0.249711
0.0423931
0.0761711
0.153908
0.355492
0.661405
0.638103
0.193622
0.0758774
0.320444
0.0328162
0.681993
0.472956
0.396383
0.0931887
0.618469
0.131823
0.35251
0.234255
0.531863
0.322214
0.593764
0.307634
0.689018
0.399154
0.253398
0.804411
0.484815
0.804654
0.789317
0.990925
0.790391
0.45645
0.194524
0.59279
0.440611
0.0991582
0.778638
0.907324
0.421716
0.86278
0.0631015
0.0418312
0.93107
0.838002
0.0759125
0.673572
0.623263
0.964335
0.0728889
0.891096
0.83921
0.564535
0.247454
0.140332
0.00557312
0.291688
0.948471
0.00838287
0.928717
0.969006
0.89582
0.294855
0.71668
0.676714
0.14686
0.987562
0.142132
0.00263686
0.212583
0.350025
0.773893
0.0929387
0.979275
0.574426
0.426526
0.603547
0.0437411
0.218025
0.960353
0.280669
0.568518
0.0234401
0.290819
0.650816
0.0595007
0.0402411
0.612104
0.912933
0.206941
0.695776
0.776506
0.738282
0.707376
0.904288
0.0330367
0.0892029
0.816249
0.496611
0.218475
0.78641
0.0135598
0.139885
0.564866
0.562559
0.885797
0.119564
0.995038
0.659461
0.580048
0.842646
0.780372
0.323068
0.571047
0.438648
0.254248
0.79429
0.578933
0.475096
0.0163217
0.237324
0.926187
0.0271538
0.265188
0.994588
0.628545
0.284241
0.193178
0.129812
0.412794
0.172935
0.936196
0.673878
0.218852
0.302749
0.630989
0.321958
0.935799
0.792901
0.621442
0.348191
0.914183
0.310323
0.149334
0.976927
0.405229
0.970884
0.713169
0.0414259
0.716494
0.710058
0.867607
0.960135
0.666934
0.727244
0.0862374
0.43051
0.153609
0.086898
0.351675
0.650156
0.594253
0.126204
0.601272
0.365602
0.815822
0.7671
0.856599
0.70447
0.193876
0.57375
0.332908
0.349729
0.678143
0.813503
0.66119
0.907828
0.438556
0.857813
0.461753
0.223803
0.524161
0.792577
0.41435
0.901714
0.135199
0.696122
0.693731
0.300745
0.27646
0.895598
0.721199
0.989936
0.152666
0.809716
0.353124
0.021668
0.806309
0.41662
0.73799
0.946795
0.628711
0.398085
0.0865572
0.126334
0.901902
0.713955
0.352558
0.34331
0.528814
0.932431
0.460438
0.859159
0.68273
0.370178
0.233731
0.670845
0.221548
0.00869328
0.91222
0.884645
0.165692
0.794986
0.920072
0.142095
0.428323
0.618668
0.178977
0.638792
0.795188
0.875791
0.973586
0.693268
0.0257354
0.326411
0.145864
0.591336
0.624851
0.208184
0.000628349
0.192023
0.9195
0.0675417
0.153849
0.442831
0.313145
0.0366218
0.513379
0.949363
0.484694
0.421851
0.779878
0.319494
0.175532
0.295318
0.951205
0.25861
0.638959
0.956659
0.138753
0.805857
0.958685
0.544553
0.793539
0.33316
0.63306
0.289342
0.774447
0.51302
0.024222
0.0995266
0.503215
0.649001
0.52229
0.325417
0.53845
0.742814
0.592313
0.268546
0.472161
0.343648
0.478249
0.981765
0.888707
0.243498
0.772386
0.688377
0.570835
0.366174
0.232349
0.763564
0.16832
0.164016
0.867899
0.35651
0.853346
0.152788
0.392347
0.541127
0.737814
0.168082
0.0880974
0.547767
0.835833
0.894278
0.431197
0.905388
0.134964
0.168153
0.893073
0.241278
0.448575
0.298076
0.578677
0.778715
0.238527
0.44596
0.659609
0.362527
0.124828
0.694358
0.0374887
0.488733
0.500391
0.031338
0.0191368
0.934368
0.466391
0.614127
0.684905
0.977577
0.596697
0.973253
0.576116
0.389311
0.180522
0.384968
0.121258
0.0505662
0.0533661
0.866044
0.943635
0.224621
0.393624
0.17028
0.593186
0.31241
0.72143
0.181492
0.986229
0.158111
0.659639
0.898035
0.815449
0.941623
0.613536
0.649662
0.825332
0.0664514
0.962841
0.932692
0.518826
0.878777
0.269496
0.0820136
0.320997
0.602173
0.0391447
0.986761
0.286584
0.265317
0.518582
0.00344993
0.052484
0.310504
0.195705
0.216657
0.999399
0.72817
0.874314
0.197726
0.807175
0.437731
0.691533
0.909809
0.724275
0.210188
0.357396
0.243475
0.410939
0.39819
0.92604
0.105125
0.671618
0.147917
0.283226
0.0159556
0.116063
0.047242
0.852518
0.425491
0.764126
0.837539
0.866394
0.196207
0.121705
0.9115
0.859786
0.446572
0.876358
0.363184
0.622625
0.989016
0.147859
0.412033
0.184441
0.0939039
0.127498
0.357777
0.208925
0.810367
0.815447
0.362176
0.191595
0.194878
0.291711
0.922375
0.890729
0.694848
0.711795
0.00503678
0.929542
0.302124
0.170581
0.651161
0.778833
0.80375
0.235519
0.162227
0.135974
0.03213
0.964603
0.740277
0.891479
0.370892
0.483316
0.728807
0.0269822
0.539433
0.360703
0.728272
0.0691523
0.389799
0.570915
0.637527
0.930338
0.029928
0.207727
0.165119
0.239065
0.799841
0.635634
0.722713
0.0580563
0.320302
0.748464
0.199986
0.247016
0.855832
0.356687
0.939691
0.253866
0.619343
0.477906
0.0346043
0.432403
0.286476
0.11855
0.56579
0.839686
0.833478
0.342205
0.841738
0.211544
0.992331
0.740807
0.491256
0.316081
0.740118
0.655783
0.746778
0.0924593
0.877467
0.0340041
0.634404
0.653596
0.542375
0.358293
0.520073
0.476206
0.949738
0.643947
0.537119
0.774547
0.433009
0.440505
0.873806
0.258935
0.29777
0.414287
0.37948
0.300213
0.327489
0.950988
0.156399
0.910251
0.565508
0.23829
0.936302
0.327069
0.706912
0.972959
0.771041
0.439138
0.551457
0.548105
0.433901
0.0962599
0.589819
0.638993
0.340439
0.419282
0.464889
0.045024
0.964663
0.118343
0.850371
0.861415
0.837548
0.926444
0.659888
0.22718
0.854629
0.301269
0.465729
0.407072
0.10286
0.872694
0.0747757
0.875068
0.819151
0.647083
0.890858
0.931555
0.995217
0.397061
0.762018
0.914033
0.116942
0.326015
0.639711
0.327325
0.405869
0.597859
0.0234886
0.634546
0.931156
0.191473
0.345529
0.397106
0.933858
0.261919
0.171185
0.704159
0.797937
0.374436
0.272812
0.853821
0.604522
0.670527
0.602606
0.73819
0.491429
0.866372
0.0843306
0.641398
0.526437
0.603356
0.270879
0.735888
0.687216
0.987179
0.0109445
0.630444
0.982924
0.546808
0.0331727
0.312851
0.540432
0.0343982
0.000812916
0.0924485
0.279369
0.383218
0.405201
0.580644
0.708205
0.416378
0.214172
0.342768
0.484288
0.00535411
0.897854
0.113014
0.658291
0.131203
0.101014
0.327625
0.951671
0.381519
0.317325
0.109746
0.664263
0.0424606
0.333535
0.314009
0.181298
0.721782
0.885302
0.961202
0.538067
0.903792
0.322159
0.606861
0.385561
0.861199
0.395623
0.138743
0.184274
0.821734
0.381711
0.574535
0.268768
0.408245
0.943866
0.420343
0.0841673
0.539793
0.0196861
0.481886
0.169573
0.90577
0.669073
0.669749
0.916966
0.860949
0.916454
0.356724
0.146475
0.181099
0.832443
0.120386
0.0621999
0.87159
0.946537
0.136654
0.930309
0.533582
0.34971
0.837541
0.298913
0.147903
0.0302744
0.544037
0.68404
0.866174
0.55973
0.769969
0.673016
0.432387
0.805332
0.623229
0.989634
0.392372
0.633095
0.435643
0.506335
0.698352
0.219546
0.823389
0.661275
0.768461
0.334318
0.318821
0.790335
0.736812
0.135256
0.0285344
0.634022
0.51607
0.622041
0.545119
0.0101895
0.699374
0.896694
0.89339
0.491699
0.815123
0.241813
0.90282
0.962545
0.833722
0.976362
0.253161
0.978968
0.670939
0.617318
0.463042
0.107345
0.567564
0.141155
0.453098
0.307992
0.56506
0.680104
0.440191
0.193725
0.750731
0.980737
0.389029
0.811627
0.144897
0.218291
0.665453
0.70774
0.938209
0.789673
0.0253387
0.840866
0.400698
0.795129
0.449814
0.924454
0.996105
0.384943
0.643705
0.602164
0.861724
0.459452
0.87437
0.227192
0.93441
0.0213713
0.311617
0.373913
0.414802
0.91345
0.4785
0.426479
0.392282
0.310796
0.30294
0.420464
0.0595108
0.519203
0.0142927
0.828759
0.381022
0.32241
0.34048
0.16907
0.134277
0.851772
0.693847
0.610999
0.85068
0.0488327
0.805155
0.00154458
0.835932
0.686216
0.211755
0.902843
0.869496
0.657984
0.951242
0.0337919
0.427238
0.429138
0.729829
0.217631
0.944277
0.752567
0.596907
0.671287
0.328253
0.821552
0.730255
0.174868
0.0988091
0.618321
0.631818
0.857471
0.677639
0.899518
0.504722
0.706067
0.869514
0.549458
0.209676
0.0457264
0.436204
0.778793
0.927394
0.473708
0.557013
0.695835
0.955878
0.781529
0.351427
0.862687
0.405894
0.72909
0.219434
0.606904
0.816719
0.498665
0.15096
0.0287814
0.354661
0.897758
0.42494
0.105945
0.575642
0.662174
0.141378
0.259001
0.896604
0.901427
0.741533
0.705804
0.507808
0.251586
0.0707934
0.537456
0.699919
0.104591
0.481379
0.139145
0.505275
0.875872
0.980683
0.565511
0.401449
0.106898
0.423898
0.581344
0.232243
0.470479
0.985956
0.928023
0.621376
0.872053
0.0633164
0.530518
0.380356
0.849397
0.907656
0.611427
0.336004
0.312749
0.00334327
0.477187
0.553423
0.098217
0.0913835
0.896331
0.161824
0.999741
0.0687973
0.575997
0.942363
0.653477
0.911865
0.308717
0.979995
0.803194
0.400149
0.983903
0.328434
0.448626
0.116318
0.983449
0.332381
0.494428
0.102808
0.377065
0.320189
0.0998355
0.504745
0.88071
0.550781
0.0788669
0.168592
0.592039
0.543266
0.498676
0.0418427
0.791727
0.620753
0.722851
0.0373139
0.431585
0.315406
0.506328
0.4361
0.215479
0.784718
0.683706
0.589866
0.87801
0.103315
0.195676
0.320224
0.569897
0.232231
0.217222
0.102691
0.163521
0.888843
0.475307
0.370328
0.757369
0.306947
0.963296
0.318818
0.617423
0.717418
0.222747
0.0538274
0.876363
0.519278
0.784222
0.463881
0.501701
0.67744
0.344017
0.393691
0.552936
0.429716
0.350253
0.557553
0.146185
0.0274036
0.17703
0.619702
0.827435
0.0497906
0.467439
0.998632
0.802169
0.641747
0.00495596
0.803284
0.931484
0.0681233
0.13096
0.850503
0.48427
0.367759
0.584012
0.748715
0.547028
0.276609
0.974742
0.143735
0.805637
0.701247
0.610602
0.0246207
0.862839
0.620057
0.61866
0.821199
0.108826
0.907107
0.805074
0.250216
0.0610931
0.869207
0.340004
0.552766
0.480916
0.602801
0.473881
0.454124
0.582587
0.389574
0.700293
0.295666
0.26528
0.133539
0.548999
0.0878961
0.456179
0.161705
0.531554
0.426694
0.827334
0.425464
0.856919
0.237862
0.319642
0.600977
0.85113
0.768709
0.684713
0.095044
0.850818
0.413454
0.970854
0.0898675
0.183045
0.590378
0.995538
0.73391
0.88069
0.721675
0.249065
0.499283
0.0865867
0.0911767
0.662485
0.883932
0.270601
0.261906
0.274362
0.291187
0.997365
0.581907
0.90992
0.200064
0.573
0.216825
0.389585
0.604445
0.324036
0.0160107
0.586574
0.643631
0.0693853
0.922419
0.992561
0.844438
0.185227
0.0121513
0.913966
0.662405
0.412671
0.967308
0.835056
0.442942
0.29099
0.381406
0.683636
0.5249
0.520795
0.0522315
0.832746
0.600811
0.683296
0.763709
0.154947
0.973391
0.481888
0.0289847
0.0873111
0.564581
0.227955
0.775537
0.582992
0.218803
0.31562
0.200154
0.233931
0.697632
0.746274
0.55987
0.50224
0.78233
0.947326
0.318688
0.237857
0.154081
0.0599832
0.290143
0.213319
0.428862
0.484217
0.0400993
0.0892409
0.831524
0.411016
0.510659
0.498115
0.862939
0.163956
0.576287
0.354858
0.499595
0.868121
0.851542
0.43752
0.971241
0.0563799
0.0603194
0.476576
0.38882
0.86168
0.546087
0.35889
0.409491
0.627898
0.988871
0.353375
0.266986
0.139637
0.568054
0.077087
0.845933
0.452533
0.639221
0.123255
0.273145
0.798225
0.655151
0.599943
0.157091
0.304167
0.308866
0.342961
0.723919
0.869325
0.994221
0.142762
0.142408
0.0214242
0.212093
0.371906
0.660037
0.708798
0.751976
0.357478
0.441872
0.662861
0.75143
0.0325338
0.146132
0.235052
0.74928
0.635912
0.197687
0.607753
0.722656
0.507317
0.00766847
0.039277
0.195438
0.122768
0.0178434
0.516219
0.0236811
0.996409
0.503148
0.706854
0.64413
0.617501
0.0639856
0.319677
0.615486
0.172024
0.00699892
0.627265
0.509915
0.812421
0.853697
0.896332
0.565516
0.584301
0.628284
0.955773
0.895242
0.196971
0.0410274
0.638356
0.41076
0.0320868
0.746855
0.332019
0.268975
0.941583
0.830841
0.167712
0.91788
0.725208
0.417582
0.396166
0.313828
0.826995
0.643377
0.497785
0.516723
0.14452
0.957516
0.151146
0.115922
0.697428
0.801488
0.337776
0.555148
0.0478166
0.516228
0.791989
0.217438
0.988392
0.711431
0.661719
0.160846
0.138746
0.427054
0.586244
0.267377
0.301512
0.35064
0.513871
0.161346
0.641041
0.0385743
0.0167056
0.838348
0.911447
0.0797614
0.93234
0.85754
0.774138
0.68252
0.451879
0.86433
0.211592
0.557782
0.158784
0.0775245
0.377002
0.830992
0.319102
0.398801
0.647028
0.21724
0.73927
0.825073
0.247284
0.33084
0.624361
0.582142
0.248644
0.64031
0.927555
0.608113
0.475525
0.213806
0.316073
0.335713
0.65259
0.545791
0.7692
0.839817
0.475102
0.931661
0.997653
0.809255
0.750775
0.210611
0.665294
0.984712
0.127019
0.587214
0.235259
0.0849053
0.197111
0.895456
0.753576
0.201066
0.541718
0.496186
0.901231
0.899918
0.744764
0.0971072
0.290993
0.871886
0.367608
0.841577
0.0639075
0.832778
0.481692
0.433319
0.547116
0.180081
0.232241
0.632415
0.331091
0.908974
0.147907
0.573323
0.552994
0.027199
0.924015
0.538951
0.796259
0.291767
0.787224
0.926937
0.558155
0.459905
0.669963
0.838451
0.435413
0.582137
0.623385
0.451577
0.375795
0.40655
0.327701
0.385244
0.24254
0.256642
0.992826
0.189864
0.713677
0.998024
0.877031
0.93317
0.333651
0.11373
0.487894
0.763277
0.852096
0.606858
0.266483
0.85199
0.763177
0.516374
0.815058
0.701651
0.0842367
0.95853
0.589388
0.275413
0.00721066
0.541199
0.824407
0.583221
0.727436
0.0913939
0.999186
0.304889
0.336241
0.517026
0.943356
0.301981
0.0149072
0.5878
0.845248
0.588592
0.685278
0.525398
0.327355
0.025311
0.773713
0.970157
0.346065
0.599753
0.714391
0.041988
0.687505
0.301671
0.33166
0.419865
0.974125
0.759466
0.852219
0.123719
0.564893
0.111267
0.9767
0.598797
0.713592
0.187612
0.427047
0.258846
0.288377
0.481006
0.590916
0.815703
0.72141
0.159591
0.150549
0.395543
0.544628
0.697683
0.304904
0.477261
0.399462
0.517199
0.10701
0.279173
0.206435
0.111517
0.514378
0.162952
0.73911
0.293037
0.701124
0.692111
0.374698
0.408751
0.196959
0.426465
0.442283
0.793849
0.136262
0.60945
0.984214
0.388912
0.0182628
0.757168
0.950762
0.813478
0.790336
0.703826
0.791756
0.0725176
0.220312
0.128938
0.581668
0.915975
0.539227
0.19385
0.295264
0.0686682
0.0165651
0.566835
0.360312
0.728854
0.69506
0.549193
0.815477
0.319521
0.595141
0.0222918
0.986642
0.557642
0.0758961
0.81264
0.56521
0.971089
0.0263235
0.616161
0.687828
0.668691
0.282475
0.469966
0.984314
0.310682
0.325431
0.764259
0.785901
0.92357
0.726466
0.308934
0.325857
0.0928191
0.447333
0.284358
0.478137
0.807724
0.882192
0.407919
0.611809
0.0752971
0.958336
0.48851
0.164882
0.836607
0.162813
0.176315
0.96462
0.588598
0.774259
0.651443
0.612017
0.675436
0.153572
0.510649
0.845665
0.619014
0.0191643
0.631752
0.0533249
0.720474
0.374083
0.645423
0.339646
0.109866
0.531972
0.478479
0.159837
0.895897
0.872625
0.455761
0.781324
0.763119
0.799198
0.991029
0.460162
0.732203
0.234514
0.0156966
0.367308
0.11454
0.086397
0.0335969
0.461225
0.732674
0.0408335
0.827116
0.547317
0.279879
0.359126
0.809415
0.962922
0.564699
0.798911
0.566078
0.0413349
0.224344
0.62104
0.644323
0.695803
0.681473
0.325527
0.688093
0.680244
0.560142
0.548642
0.284622
0.568207
0.385338
0.679962
0.63627
0.969528
0.102089
0.930715
0.0146596
0.0731731
0.633293
0.366751
0.983209
0.128969
0.178975
0.880778
0.823704
0.898305
0.74724
0.313535
0.682496
0.178087
0.499806
0.511517
0.591033
0.771774
0.205566
0.886028
0.406994
0.222401
0.284793
0.759561
0.94802
0.774167
0.148756
0.00745671
0.996945
0.871315
0.826557
0.667452
0.762059
0.516952
0.557589
0.880611
0.759597
0.366858
0.764049
0.223944
0.474408
0.176977
0.758096
0.336145
0.808565
0.160467
0.912495
0.527524
0.758036
0.35679
0.205698
0.754989
0.661016
0.748471
0.0390569
0.15444
0.459815
0.706866
0.477342
0.318755
0.50115
0.129294
0.416919
0.602966
0.0145267
0.739239
0.835951
0.555604
0.450663
0.147861
0.541344
0.257091
0.76699
0.146916
0.840109
0.562874
0.130227
0.842813
0.509055
0.344641
0.215349
0.632727
0.210364
0.864523
0.375932
0.0398879
0.775394
0.0948739
0.442472
0.257884
0.382417
0.33436
0.171842
0.056653
0.500728
0.883787
0.216487
0.354867
0.741374
0.203489
0.717706
0.920537
0.918353
0.319233
0.955848
0.0420718
0.681282
0.292351
0.578271
0.956827
0.188769
0.945136
0.25133
0.616856
0.510413
0.88914
0.165158
0.457509
0.637559
0.25623
0.255598
0.0662463
0.343365
0.189988
0.666599
0.0809856
0.512907
0.16681
0.740242
0.221528
0.612107
0.611251
0.512754
0.709019
0.80931
0.74805
0.321017
0.398416
0.846394
0.223501
0.903559
0.843414
0.627503
0.978037
0.499029
0.259574
0.763656
0.00961043
0.0863854
0.0667025
0.518185
0.563472
0.481123
0.146306
0.694223
0.760998
0.244753
0.882792
0.646617
0.516906
0.117863
0.902585
0.62349
0.515168
0.518596
0.941222
0.735146
0.0790334
0.177513
0.226141
0.913071
0.782439
0.369906
0.915542
0.745243
0.175389
0.223475
0.876997
0.13702
0.275391
0.43578
0.308992
0.734755
0.39338
0.666141
0.333382
0.420899
0.969093
0.761413
0.140854
0.921223
0.272435
0.238301
0.246946
0.138456
0.970853
0.113962
0.348695
0.00351288
0.813738
0.818484
0.930389
0.681305
0.854158
0.275744
0.603361
0.520328
0.530162
0.354453
0.192914
0.711857
0.920138
0.462462
0.36197
0.212559
0.383826
0.686751
0.922757
0.633133
0.517851
0.166806
0.327988
0.702746
0.390923
0.629594
0.802313
0.578961
0.733425
0.398317
0.0406954
0.621613
0.35291
0.808719
0.77882
0.701755
0.716514
0.28581
0.00771413
0.76583
0.0580802
0.858971
0.320849
0.112291
0.694448
0.56218
0.0855014
0.0888944
0.880589
0.577477
5.28031e-05
0.299253
0.584524
0.146447
0.997768
0.329882
0.688762
0.496702
0.678606
0.436827
0.736488
0.920243
0.626678
0.0696424
0.26336
0.783628
0.91052
0.933172
0.87286
0.0248524
0.284931
0.415686
0.278977
0.353234
0.741423
0.111932
0.465989
0.339121
0.41308
0.269046
0.686894
0.355226
0.786524
0.66823
0.116538
0.919311
0.0509278
0.860149
0.298482
0.165291
0.526258
0.803997
0.904626
0.0928588
0.288451
0.291453
0.122414
0.691007
0.925138
0.93367
0.288111
0.242618
0.670524
0.820939
0.0687783
0.0326397
0.698918
0.730009
0.552491
0.937357
0.750323
0.480967
0.802967
0.394456
0.269687
0.0318947
0.771771
0.116365
0.504176
0.759831
0.32479
0.421638
0.448779
0.788104
0.382857
0.0454152
0.0889823
0.128645
0.600312
0.817006
0.906312
0.394531
0.328572
0.614035
0.507573
0.582137
0.274088
0.639771
0.031607
0.98173
0.142448
0.546882
0.443175
0.154902
0.498043
0.199949
0.0344164
0.437506
0.738184
0.0685523
0.936673
0.346044
0.411962
0.0668473
0.195073
0.723754
0.0418331
0.583379
0.616677
0.324917
0.655009
0.957756
0.92727
0.450041
0.87294
0.842307
0.052613
0.082701
0.434734
0.587701
0.138467
0.532337
0.127017
0.993975
0.453577
0.11924
0.281227
0.667463
0.345012
0.327562
0.230681
0.654655
0.778925
0.583795
0.811838
0.343298
0.633516
0.940635
0.703083
0.552185
0.0658271
0.404293
0.999116
0.903762
0.596779
0.567135
0.513241
0.243038
0.364873
0.753587
0.829848
0.163914
0.605749
0.31157
0.113681
0.414271
0.358036
0.171665
0.454893
0.415017
0.35199
0.266372
0.0643426
0.165622
0.827217
0.209149
0.539271
0.0820824
0.606817
0.989816
0.763058
0.716384
0.370642
0.307589
0.555278
0.918721
0.596486
0.86935
0.827237
0.209553
0.305387
0.326588
0.0318329
0.792915
0.296484
0.245591
0.387424
0.0220451
0.97139
0.378731
0.286258
0.595815
0.625676
0.120704
0.170988
0.654137
0.0342852
0.910765
0.501299
0.877169
0.622443
0.961421
0.478457
0.349692
0.996236
0.435956
0.520425
0.0167486
0.73073
0.75958
0.902761
0.0983943
0.0297296
0.189195
0.0267862
0.95858
0.449519
0.426939
0.243083
0.0103658
0.14341
0.266349
0.274468
0.745831
0.0210587
0.902393
0.598324
0.251363
0.943068
0.30801
0.620405
0.42429
0.609474
0.230957
0.255417
0.739693
0.804853
0.176074
0.0253112
0.346906
0.882226
0.033856
0.467481
0.906331
0.502498
0.11552
0.389962
0.426475
0.446704
0.471604
0.0254581
0.771387
0.471842
0.766555
0.373901
0.173619
0.346805
0.933573
0.27662
0.0138909
0.645257
0.753142
0.266122
0.702469
0.547543
0.0918809
0.664036
0.634129
0.270093
0.663309
0.382069
0.31965
0.341013
0.628155
0.461608
0.293249
0.74023
0.0702421
0.465943
0.646553
0.244377
0.116758
0.126261
0.917569
0.154112
0.812654
0.613699
0.410248
0.514363
0.882419
0.301011
0.564169
0.366782
0.805119
0.473254
0.483845
0.497865
0.305907
0.0300937
0.313669
0.222244
0.334921
0.159132
0.892049
0.47544
0.21387
0.860411
0.157565
0.917648
0.954423
0.487832
0.247779
0.794593
0.439417
0.998421
0.481348
0.123508
0.964781
0.988172
0.318337
0.716605
0.155285
0.630153
0.647879
0.900017
0.850034
0.941782
0.891611
0.574489
0.278378
0.00853009
0.98401
0.755308
0.0791132
0.0385075
0.483112
0.24219
0.27664
0.979302
0.75273
0.656214
0.648056
0.909489
0.472724
0.682278
0.896454
0.246645
0.348384
0.899742
0.0950599
0.0569003
0.0399378
0.273275
0.161246
0.810542
0.650585
0.558524
0.365724
0.353307
0.0711864
0.282218
0.465546
0.0838904
0.895391
0.234155
0.320083
0.533144
0.173991
0.0632276
0.681047
0.0393408
0.524147
0.815592
0.239852
0.33112
0.887583
0.743718
0.499058
0.716279
0.978186
0.539497
0.206434
0.165145
0.0880647
0.396362
0.805291
0.186605
0.504645
0.0895298
0.64727
0.991427
0.728428
0.886137
0.556118
0.262584
0.828931
0.838628
0.152598
0.586349
0.0819792
0.968646
0.331915
0.475691
0.894068
0.926305
0.957348
0.667729
0.0891671
0.503802
0.28983
0.275474
0.787252
0.0511664
0.735517
0.0178694
0.136927
0.968137
0.487448
0.905553
0.0329201
0.403064
0.569682
0.45553
0.641479
0.470078
0.674997
0.894381
0.84834
0.472399
0.0218656
0.259025
0.680463
0.0702324
0.585742
0.0583532
0.59585
0.300635
0.935089
0.96633
0.390293
0.898443
0.822595
0.0286662
0.949765
0.110865
0.248441
0.473932
0.813586
0.223395
0.713947
0.41238
0.109182
0.383826
0.305798
0.386277
0.791518
0.425929
0.0773218
0.496582
0.802369
0.0288722
0.415854
0.206869
0.898406
0.328536
0.583359
0.905831
0.476185
0.344841
0.664063
0.552569
0.740521
0.335759
0.640245
0.438019
0.0619884
0.892878
0.774021
0.199756
0.134125
0.0763027
0.0729041
0.421217
0.566611
0.874624
0.339078
0.255879
0.741609
0.75494
0.679795
0.997864
0.462015
0.165639
0.572388
0.856009
0.761868
0.0677966
0.52773
0.00399497
0.649165
0.548606
0.909757
0.78535
0.728229
0.603266
0.888277
0.280379
0.314131
0.80979
0.538843
0.72672
0.148443
0.678097
0.812038
0.102441
0.852349
0.721728
0.505085
0.0532819
0.0519818
0.103359
0.455064
0.12142
0.934477
0.829548
0.388033
0.315356
0.708672
0.997822
0.361129
0.907064
0.724693
0.43705
0.231673
0.203326
0.201265
0.239272
0.0129827
0.676875
0.0590553
0.996948
0.893715
0.147352
0.820681
0.0327123
0.402062
0.596285
0.915418
0.0701249
0.776411
0.92317
0.148748
0.308298
0.258118
0.334358
0.0301824
0.558236
0.0189816
0.10427
0.122194
0.536159
0.843707
0.394398
0.652436
0.047136
0.287029
0.993972
0.601831
0.103065
0.576532
0.294175
0.767357
0.348731
0.175503
0.657769
0.310347
0.194302
0.9314
0.56544
0.994374
0.442675
0.436011
0.0860264
0.865822
0.70721
0.480634
0.606236
0.749292
0.393472
0.999956
0.601042
0.869268
0.853899
0.672837
0.968485
0.613224
0.438845
0.241864
0.927327
0.438161
0.484949
0.0102263
0.0928655
0.187831
0.8601
0.0366476
0.456861
0.126205
0.92187
0.726067
0.887741
0.672924
0.527196
0.214646
0.777181
0.518761
0.156431
0.157094
0.464084
0.676378
0.142713
0.298312
0.787155
0.542551
0.26016
0.125298
0.733856
0.480896
0.0642351
0.138335
0.497168
0.77953
0.838991
0.302825
0.712147
0.628514
0.335023
0.968482
0.947258
0.68888
0.772527
0.480502
0.802646
0.676914
0.0895249
0.924329
0.701593
0.179307
0.776353
0.225526
0.0276169
0.493324
0.81714
0.293404
0.589745
0.474751
0.785555
0.63987
0.660689
0.149695
0.0233983
0.394679
0.493107
0.400476
0.743745
0.540177
0.257463
0.488606
0.241437
0.6129
0.695139
0.544314
0.251784
0.243959
0.000332455
0.906282
0.359228
0.619121
0.808091
0.631214
0.334215
0.506495
0.0161742
0.455878
0.296058
0.327553
0.892221
0.307574
0.712064
0.561673
0.0261511
0.644862
0.246142
0.244117
0.913375
0.278023
0.829533
0.277205
0.932115
0.279654
0.883209
0.391347
0.947407
0.0699845
0.356015
0.557091
0.753721
0.219197
0.926083
0.936915
0.300991
0.69804
0.528162
0.22482
0.47835
0.864392
0.820479
0.901625
0.912222
0.335349
0.2307
0.612253
0.299737
0.947805
0.676881
0.920421
0.95081
0.830473
0.303163
0.262091
0.490835
0.500766
0.633318
0.598273
0.391444
0.36082
0.23
0.653603
0.808447
0.292914
0.53121
0.484596
0.929507
0.168429
0.705262
0.193384
0.149569
0.755288
0.00469047
0.879622
0.0849331
0.406309
0.572195
0.865608
0.918024
0.775592
0.0626412
0.4936
0.36883
0.624831
0.319969
0.628336
0.788848
0.196655
0.333655
0.200379
0.919611
0.610627
0.346478
0.252705
0.411111
0.891779
0.83015
0.474804
0.252387
0.422935
0.221658
0.0520047
0.620473
0.257264
0.174671
0.584484
0.112304
0.73013
0.577925
0.527847
0.980841
0.0953981
0.00105904
0.584417
0.661584
0.33663
0.564449
0.430561
0.189939
0.711854
0.250966
0.376243
0.350047
0.80285
0.235908
0.983611
0.929894
0.959244
0.326413
0.773627
0.187118
0.269862
0.28712
0.366384
0.749728
0.499089
0.798283
0.922616
0.794789
0.0787781
0.200741
0.306384
0.0335017
0.263402
0.068276
0.0010767
0.425978
0.309143
0.420401
0.145186
0.784541
0.425767
0.993915
0.277511
0.451508
0.958179
0.543541
0.877112
0.303989
0.0331616
0.585215
0.252598
0.0539552
0.700248
0.56419
0.563704
0.493083
0.3602
0.705711
0.176561
0.507477
0.545181
0.113319
0.173915
0.172552
0.975415
0.76392
0.0246295
0.256595
0.0401384
0.896884
0.253802
0.6361
0.17321
0.166392
0.560515
0.491197
0.538212
0.473616
0.189463
0.69358
0.954776
0.093964
0.298949
0.629144
0.24717
0.662049
0.628337
0.338625
0.43635
0.421691
0.749648
0.857812
0.200969
0.323024
0.239404
0.4762
0.945578
0.0324906
0.528772
0.772177
0.132795
0.436475
0.778243
0.993758
0.607055
0.295407
0.0976717
0.924607
0.0312146
0.0216865
0.800077
0.0507103
0.755423
0.978939
0.387742
0.696031
0.478174
0.304038
0.0873086
0.174085
0.0853199
0.483651
0.101424
0.131516
0.34873
0.0384922
0.74942
0.533562
0.165832
0.456458
0.892765
0.239171
0.295375
0.692618
0.620486
0.280296
0.703818
0.906167
0.93613
0.986325
0.0265317
0.419072
0.00449114
0.0543455
0.934348
0.985478
0.0422647
0.700945
0.0515885
0.962789
0.463102
0.556946
0.569164
0.338932
0.856574
0.176321
0.0804041
0.0530607
0.0486857
0.426542
0.67132
0.761448
0.292708
0.940737
0.365365
0.631802
0.693563
0.331696
0.496933
0.350729
0.265593
0.969505
0.185059
0.290691
0.373841
0.867163
0.686936
0.441619
0.166547
0.669465
0.439493
0.924108
0.555194
0.636363
0.302329
0.28608
0.419787
0.57069
0.0717079
0.756785
0.574465
0.0612804
0.686184
0.173658
0.832307
0.0826576
0.81856
0.781863
0.505661
0.9338
0.899398
0.865268
0.61256
0.591009
0.258301
0.84022
0.560763
0.544295
0.477843
0.48038
0.662368
0.263083
0.433754
0.986134
0.687535
0.321509
0.465474
0.177738
0.252268
0.311173
0.309652
0.413421
0.528714
0.392989
0.362947
0.45689
0.157259
0.800773
0.650862
0.749239
0.207734
0.370101
0.349759
0.297421
0.773251
0.629168
0.0574168
0.525259
0.213826
0.568893
0.249293
0.76035
0.653044
0.967624
0.51089
0.75542
0.0363494
0.185195
0.242354
0.597605
0.583456
0.42707
0.795985
0.220412
0.0725971
0.886298
0.532424
0.887008
0.272842
0.112918
0.212464
0.517476
0.764806
0.699164
0.217082
0.663821
0.734637
0.210422
0.0781778
0.867947
0.674903
0.239112
0.659369
0.810788
0.939882
0.674431
0.163833
0.0613466
0.565122
0.332411
0.628639
0.0204768
0.237477
0.15048
0.0537876
0.302933
0.064866
0.181993
0.321903
0.191251
0.434988
0.196919
0.434995
0.232804
0.160141
0.489442
0.178853
0.198776
0.360243
0.236412
0.183037
0.276411
0.0652567
0.141341
0.101344
0.0701253
0.856326
0.869214
0.133253
0.428059
0.523835
0.378366
0.505248
0.686743
0.516195
0.823156
0.363668
0.287822
0.108498
0.817154
0.896401
0.787252
0.464727
0.921694
0.0308096
0.139685
0.229611
0.460082
0.0311853
0.052331
0.477117
0.345767
0.349885
0.255135
0.151001
0.987303
0.871068
0.477719
0.350552
0.648815
0.368925
0.901248
0.104286
0.336859
0.628945
0.481971
0.802486
0.559973
0.64837
0.492993
0.803993
0.616213
0.56932
0.662942
0.262768
0.865008
0.863429
0.0921993
0.722052
0.399323
0.622515
0.529612
0.462434
0.500374
0.79627
0.620324
0.650258
0.759581
0.793928
0.914167
0.821997
0.766363
0.863616
0.386364
0.190023
0.273174
0.207071
0.00524841
0.183777
0.253367
0.445936
0.204708
0.193631
0.155859
0.787028
0.90765
0.717613
0.724254
0.879975
0.241714
0.203896
0.0342116
0.812106
0.82088
0.319073
0.613258
0.0717456
0.494342
0.44421
0.147482
0.5392
0.900418
0.759717
0.572311
0.38917
0.664575
0.836296
0.815667
0.705293
0.908512
0.682832
0.00388739
0.435115
0.417132
0.32647
0.726017
0.697974
0.854881
0.0623916
0.382719
0.0627745
0.717947
0.227387
0.222881
0.639661
0.463981
0.386619
0.688257
0.327882
0.806385
0.212355
0.403408
0.936302
0.137842
0.849666
0.0135001
0.696593
0.487711
0.668553
0.970525
0.255001
0.921668
0.958259
0.435176
0.379996
0.86226
0.119516
0.96841
0.121512
0.991589
0.416621
0.218638
0.0816204
0.384843
0.393983
0.552028
0.0500786
0.401106
0.228425
0.549965
0.979633
0.414506
0.726432
0.759652
0.210877
0.400093
0.0164726
0.00603358
0.216411
0.73517
0.0501863
0.845325
0.758856
0.183971
0.377524
0.0929258
0.207244
0.361165
0.383978
0.1535
0.822057
0.540446
0.342238
0.564688
0.397394
0.449943
0.00671019
0.856459
0.324664
0.587913
0.580972
0.883541
0.858275
0.577633
0.414536
0.116259
0.223071
0.0526991
0.305339
0.00745269
0.613043
0.616262
0.633227
0.0644446
0.887637
0.571933
0.0117663
0.138786
0.0248423
0.622492
0.19833
0.671683
0.192198
0.713784
0.512289
0.035162
0.957915
0.33415
0.15584
0.479048
0.953338
0.405507
0.238162
0.267048
0.829379
0.244018
0.604555
0.0111641
0.0188768
0.895063
0.60018
0.176696
0.398242
0.817574
0.0157376
0.392991
0.93883
0.185886
0.142174
0.497131
0.102248
0.210187
0.435682
0.638537
0.433462
0.556065
0.218937
0.428078
0.0721901
0.379554
0.280083
0.637778
0.948387
0.0148496
0.731088
0.673991
0.822982
0.877221
0.527724
0.339737
0.51243
0.786764
0.00136744
0.6151
0.750311
0.806603
0.0608948
0.365155
0.0119183
0.116589
0.244424
0.237779
0.395698
0.0685283
0.450383
0.15121
0.239559
0.525746
0.441992
0.994975
0.695771
0.0639291
0.459881
0.525246
0.39447
0.790695
0.0387778
0.901788
0.369833
0.810546
0.14171
0.579279
0.195121
0.435028
0.248122
0.293351
0.569116
0.783227
0.933114
0.603661
0.68641
0.266474
0.838148
0.623919
0.815703
0.815356
0.971446
0.196719
0.182385
0.0476376
0.276931
0.88901
0.608995
0.536833
0.497255
0.18647
0.187613
0.471396
0.199015
0.458137
0.0221239
0.0870082
0.847372
0.420977
0.563737
0.681376
0.945141
0.223666
0.788039
0.681885
0.551281
0.167495
0.241768
0.287918
0.780894
0.940051
0.171554
0.238123
0.294307
0.146029
0.417002
0.364296
0.151203
0.647631
0.535463
0.706075
0.0869825
0.433891
0.123395
0.402236
0.421939
0.495011
0.19912
0.556829
0.0305274
0.291235
0.26416
0.842185
0.0426779
0.0742254
0.661812
0.97489
0.798405
0.682425
0.261709
0.821688
0.270015
0.0813977
0.389218
0.0610101
0.10454
0.624997
0.795271
0.672277
0.622532
0.366846
0.783588
0.761207
0.462891
0.802492
0.529234
0.231302
0.387784
0.735164
0.865199
0.855146
0.994076
0.409177
0.94345
0.546767
0.0912268
0.565344
0.0504714
0.853156
0.510667
0.438441
0.331046
0.920759
0.359335
0.723547
0.996096
0.830028
0.909191
0.948708
0.853336
0.00899615
0.0333006
0.684973
0.16316
0.689525
0.166291
0.678487
0.600643
0.851506
0.366789
0.195954
0.474902
0.252541
0.0715674
0.688442
0.399748
0.429171
0.213694
0.375871
0.174386
0.412724
0.593599
0.862304
0.652827
0.890518
0.704671
0.503298
0.826251
0.472991
0.940505
0.103218
0.16857
0.99429
0.914245
0.990061
0.495661
0.193022
0.5419
0.911198
0.550301
0.119584
0.971973
0.588034
0.216518
0.704027
0.699482
0.648015
0.347364
0.634343
0.0827214
0.757104
0.855198
0.845831
0.74932
0.762799
0.848704
0.90135
0.998467
0.528572
0.297455
0.945956
0.184595
0.0516156
0.122708
0.840752
0.611759
0.925725
0.330348
0.398086
0.248845
0.884222
0.997548
0.0942386
0.156225
0.150986
0.315105
0.916682
0.616104
0.645983
0.746267
0.397414
0.921656
0.91599
0.0225835
0.430623
0.95412
0.617024
0.317031
0.356303
0.353181
0.491826
0.810468
0.480944
0.0869765
0.599332
0.21334
0.97775
0.0866498
0.852261
0.0890759
0.37283
0.668526
0.543034
0.774284
0.87854
0.545025
0.534423
0.833414
0.987368
0.00275278
0.300635
0.542615
0.287381
0.96349
0.846394
0.869045
0.697041
0.68724
0.845565
0.0677059
0.712386
0.673341
0.235278
0.0982935
0.829875
0.4522
0.985231
0.220471
0.100116
0.610062
0.330905
0.844338
0.254755
0.481068
0.802007
0.470559
0.305705
0.214046
0.89325
0.161409
0.868879
0.788695
0.905011
0.0416877
0.886373
0.494701
0.597073
0.168779
0.771722
0.0774317
0.224047
0.367135
0.0591126
0.825818
0.984523
0.585477
0.508712
0.661428
0.844985
0.435472
0.206372
0.557629
0.47576
0.944674
0.839705
0.301324
0.861892
0.983821
0.585641
0.00241671
0.854802
0.480741
0.421089
0.388622
0.339252
0.790934
0.624037
0.515097
0.288848
0.333459
0.793526
0.843618
0.665004
0.420939
0.376572
0.237825
0.901214
0.0857182
0.554071
0.511418
0.910715
0.665399
0.626486
0.367827
0.305861
0.725926
0.801167
0.169995
0.244259
0.899301
0.408269
0.88506
0.80437
0.0293248
0.768677
0.995833
0.907169
0.0782021
0.343768
0.166615
0.237487
0.408819
0.0423068
0.0685759
0.234669
0.336147
0.547054
0.430661
0.967345
0.136297
0.687573
0.783879
0.864315
0.714632
0.0557543
0.807277
0.305243
0.64046
0.513604
0.270491
0.919484
0.126863
0.669294
0.322314
0.0783773
0.957195
0.681849
0.661898
0.974845
0.211503
0.419403
0.253969
0.521962
0.168963
0.446482
0.509843
0.726654
0.189868
0.0595146
0.463555
0.7985
0.477133
0.0306237
0.845112
0.561283
0.704983
0.833055
0.0112676
0.165083
0.767681
0.89003
0.778527
0.357754
0.14239
0.875
0.475131
0.570536
0.517369
0.545708
0.469129
0.935855
0.878952
0.0682608
0.744112
0.470426
0.280993
0.886068
0.0419644
0.797478
0.214653
0.403585
0.665316
0.461369
0.604145
0.152655
0.393452
0.351225
0.668206
0.414231
0.740498
0.455936
0.220686
0.999183
0.820552
0.00197221
0.736778
0.139454
0.217579
0.58142
0.33057
0.635342
0.559112
0.807493
0.190547
0.524301
0.631526
0.163391
0.931502
0.0386756
0.124939
0.615626
0.395573
0.866574
0.784919
0.875598
0.672586
0.657196
0.251554
0.792817
0.265959
0.0738066
0.676921
0.559478
0.207082
0.205289
0.934589
0.0333396
0.182843
0.609205
0.110897
0.770073
0.262181
0.757699
0.4386
0.290899
0.45115
0.550436
0.0475901
0.850334
0.466707
0.271476
0.852927
0.682153
0.130046
0.981349
0.887466
0.0867948
0.88032
0.38186
0.435567
0.617445
0.268695
0.251199
0.299164
0.585912
0.057522
0.516209
0.675225
0.227621
0.485222
0.949268
0.634685
0.656494
0.194739
0.201267
0.457894
0.275998
0.114574
0.271004
0.889022
0.619224
0.84065
0.120987
0.666795
0.0554721
0.219433
0.376621
0.487066
0.393895
0.255963
0.620152
0.482436
0.95749
0.857833
0.200429
0.478299
0.302974
0.696371
0.777604
0.423517
0.996632
0.0695792
0.0132877
0.652798
0.90558
0.324843
0.100856
0.515972
0.263702
0.00876613
0.183826
0.479712
0.823167
0.533184
0.367792
0.558448
0.976314
0.28866
0.621631
0.568184
0.731014
0.0365485
0.0309871
0.20244
0.115565
0.11699
0.292355
0.250264
0.441481
0.309454
0.296291
0.954435
0.963703
0.561333
0.33133
0.332732
0.545578
0.781152
0.746554
0.509852
0.980572
0.289084
0.0266728
0.632014
0.0386149
0.83332
0.00607393
0.397951
0.263328
0.212864
0.0318371
0.0532219
0.905481
0.997983
0.143758
0.447421
0.508941
0.359075
0.0986931
0.637725
0.246021
0.875846
0.200638
0.691606
0.83459
0.23511
0.204624
0.637911
0.8373
0.628227
0.212182
0.818088
0.666022
0.98897
0.622626
0.296229
0.404916
0.453555
0.797261
0.383968
0.227
0.349576
0.590701
0.588981
0.333798
0.779778
0.463966
0.967235
0.548064
0.710283
0.880384
0.534541
0.210741
0.414037
0.712142
0.362421
0.15956
0.317857
0.996204
0.0731899
0.376045
0.438217
0.899652
0.744863
0.243944
0.493637
0.671897
0.966595
0.875952
0.544641
0.310606
0.655075
0.879831
0.295596
0.293387
0.547214
0.258597
0.239307
0.202932
0.356502
0.923801
0.165038
0.991497
0.924918
0.879184
0.884264
0.382604
0.311237
0.277232
0.658746
0.557946
0.711985
0.010414
0.0848744
0.157009
0.70475
0.218812
0.529949
0.33676
0.0493821
0.568376
0.944763
0.465322
0.311615
0.17788
0.140848
0.496729
0.745196
0.84342
0.263777
0.182862
0.0386934
0.304245
0.294487
0.169574
0.574101
0.964194
0.573186
0.294441
0.435566
0.404721
0.857872
0.544923
0.762242
0.759458
0.135609
0.404562
0.445297
0.239097
0.3013
0.894885
0.840213
0.300831
0.191999
0.11343
0.485753
0.874127
0.155431
0.62632
0.0630551
0.101735
0.942462
0.163803
0.758268
0.612347
0.532015
0.781408
0.290902
0.902294
0.414124
0.251667
0.305549
0.308088
0.926054
0.144178
0.870132
0.412667
0.00218223
0.309804
0.35617
0.317837
0.659259
0.93423
0.571413
0.489097
0.374869
0.677699
0.116819
0.64929
0.84225
0.368382
0.45057
0.316359
0.618641
0.373148
0.0177113
0.416041
0.833347
0.361466
0.101794
0.255602
0.638767
0.534466
0.545878
0.846569
0.222979
0.509747
0.00587648
0.560773
0.624867
0.370072
0.198772
0.811302
0.676211
0.953971
0.765414
0.177986
0.201828
0.80362
0.787461
0.222061
0.555409
0.829815
0.466527
0.150886
0.42481
0.973337
0.17997
0.0193605
0.450669
0.885271
0.813416
0.146312
0.820564
0.936678
0.541904
0.0203947
0.623584
0.628004
0.954584
0.423637
0.249457
0.128831
0.0444958
0.64082
0.460886
0.54514
0.65707
0.00354864
0.75404
0.57732
0.83122
0.319621
0.971488
0.633247
0.130096
0.515348
0.221007
0.909842
0.244858
0.997474
0.883761
0.151985
0.967831
0.828547
0.469775
0.0810447
0.828746
0.39451
0.0205292
0.671492
0.857236
0.548801
0.529747
0.680867
0.489762
0.416608
0.542139
0.329228
0.105248
0.595865
0.160473
0.27586
0.343732
0.449409
0.22214
0.33964
0.9283
0.998394
0.733735
0.55712
0.402054
0.322932
0.657848
0.33512
0.333199
0.855966
0.952397
0.308755
0.586746
0.469028
0.449382
0.0616412
0.563836
0.979997
0.625232
0.621826
0.0497823
0.478712
0.64159
0.914207
0.753037
0.698776
0.109462
0.635756
0.2748
0.0509561
0.688126
0.0169267
0.270975
0.730143
0.249533
0.219509
0.376925
0.189236
0.201468
0.429949
0.338933
0.903404
0.306395
0.463504
0.664697
0.21527
0.0034738
0.611702
0.97899
0.98497
0.289913
0.311601
0.957818
0.463435
0.939557
0.696013
0.390561
0.341059
0.608031
0.754401
0.177024
0.626108
0.893841
0.324834
0.131405
0.598241
0.223711
0.462668
0.958853
0.829591
0.99514
0.228511
0.206505
0.202821
0.901744
0.904121
0.964912
0.270418
0.883573
0.657877
0.566151
0.966983
0.0024148
0.256595
0.00879712
0.128034
0.764384
0.0735451
0.079559
0.497018
0.414782
0.875898
0.883686
0.03577
0.562136
0.572402
0.244738
0.0557392
0.774156
0.818671
0.706863
0.265166
0.628347
0.164133
0.834746
0.957219
0.304375
0.943949
0.350443
0.630117
0.561579
0.954572
0.98594
0.755996
0.81371
0.934149
0.0339773
0.491908
0.872039
0.611963
0.209792
0.483842
0.0581487
0.804931
0.188905
0.95248
0.156168
0.722141
0.353245
0.220386
0.211805
0.654951
0.811291
0.336966
0.168567
0.240867
0.982821
0.198812
0.869211
0.4142
0.390426
0.666754
0.969708
0.996777
0.894402
0.352621
0.16792
0.837127
0.277672
0.0766028
0.791273
0.466038
0.982697
0.722693
0.564775
0.239455
0.208002
0.818237
0.418157
0.108832
0.677009
0.911003
0.733932
0.162637
0.476734
0.327238
0.703342
0.400512
0.433835
0.948367
0.821758
0.616422
0.688104
0.542361
0.386163
0.375774
0.448133
0.68045
0.599483
0.631825
0.0320653
0.738918
0.45731
0.530692
0.18617
0.168497
0.736226
0.489092
0.84599
0.50611
0.218921
0.561604
0.742855
0.341969
0.189776
0.0377096
0.106094
0.389154
0.537642
0.69695
0.313743
0.523737
0.546903
0.402884
0.770779
0.837975
0.0245828
0.0935597
0.561872
0.116187
0.802066
0.445292
0.697328
0.236643
0.375999
0.371986
0.636276
0.962924
0.0510182
0.613176
0.0314317
0.145384
0.537103
0.937281
0.139398
0.997418
0.991115
0.320627
0.404977
0.238312
0.251003
0.422575
0.849742
0.202842
0.745018
0.0580136
0.640609
0.931634
0.0363648
0.134127
0.509537
0.726612
0.89615
0.36482
0.740296
0.776543
0.23505
0.446608
0.449033
0.196816
0.0230016
0.00531373
0.757455
0.214886
0.0211448
0.299053
0.0986842
0.2784
0.944596
0.648055
0.0202878
0.00460978
0.942443
0.82157
0.394326
0.391325
0.45372
0.939177
0.859937
0.977431
0.160828
0.0651608
0.0784251
0.452485
0.102271
0.751379
0.739007
0.695465
0.83587
0.959271
0.0865157
0.739028
0.67226
0.734734
0.348796
0.439049
0.347862
0.795947
0.900263
0.0979496
0.989775
0.957365
0.517406
0.770465
0.0224598
0.313495
0.611189
0.116896
0.469235
0.800246
0.484823
0.371456
0.318579
0.742771
0.0671327
0.120846
0.645458
0.807151
0.910183
0.0707573
0.407196
0.523241
0.499381
0.74179
0.272813
0.784118
0.853167
0.465193
0.988471
0.63444
0.338511
0.679782
0.343353
0.875434
0.406757
0.344551
0.0715192
0.290428
0.491016
0.576094
0.728629
0.268014
0.447129
0.304245
0.532687
0.391274
0.0237022
0.786376
0.125379
0.837605
0.617043
0.230742
0.998154
0.506546
0.710101
0.579623
0.804274
0.0753366
0.0538985
0.656774
0.139997
0.928427
0.019017
0.0539012
0.184198
0.294074
0.837924
0.14582
0.447451
0.709453
0.935004
0.116264
0.0412476
0.498239
0.14314
0.0866456
0.186733
0.045621
0.541655
0.80094
0.643579
0.577653
0.0435484
0.477299
0.972016
0.916383
0.71922
0.489261
0.806279
0.387961
0.282717
0.03606
0.381385
0.197415
0.0878538
0.994454
0.765544
0.953693
0.588828
0.894202
0.255845
0.758559
0.119149
0.0701961
0.224517
0.647192
0.0896932
0.880154
0.741239
0.211585
0.619607
0.56202
0.696469
0.491694
0.691106
0.622683
0.757555
0.383976
0.909098
0.0089952
0.234835
0.448234
0.609819
0.657056
0.147716
0.500171
0.389215
0.633011
0.115544
0.962538
0.770861
0.792377
0.476506
0.431508
0.893695
0.3828
0.819469
0.041262
0.964008
0.169077
0.90963
0.454402
0.561432
0.736502
0.380117
0.458086
0.487853
0.282859
0.491995
0.684587
0.0942633
0.81331
0.161797
0.765239
0.226039
0.364032
0.384782
0.184422
0.139473
0.267242
0.249084
0.937095
0.0751439
0.881567
0.823094
0.740104
0.849266
0.00219728
0.622338
0.226275
0.541559
0.629648
0.0291379
0.29636
0.390292
0.331968
0.505552
0.340283
0.696172
0.284486
0.0468337
0.234416
0.0252756
0.159748
0.68783
0.328184
0.627774
0.980784
0.934766
0.735691
0.186817
0.518936
0.94492
0.189512
0.915144
0.113994
0.464189
0.887534
0.0807094
0.880148
0.564835
0.389821
0.21692
0.982922
0.0942768
0.0435971
0.894739
0.411488
0.0473848
0.977546
0.294184
0.0765104
0.281482
0.775298
0.351184
0.757848
0.435568
0.595948
0.774605
0.0702277
0.123155
0.766883
0.900209
0.195207
0.482601
0.407794
0.861773
0.925254
0.363134
0.484376
0.85433
0.873208
0.362313
0.311337
0.508029
0.391665
0.201863
0.869184
0.603901
0.947825
0.451003
0.97297
0.202216
0.643458
0.0179763
0.721907
0.976128
0.334796
0.452432
0.20609
0.84372
0.477532
0.407973
0.866446
0.391487
0.638042
0.513832
0.0382514
0.408237
0.59435
0.936392
0.846749
0.700126
0.264532
0.47395
0.359832
0.742498
0.242704
0.558342
0.644122
0.35918
0.0563559
0.748627
0.208105
0.0449252
0.532176
0.474272
0.528497
0.152166
0.672059
0.715096
0.858734
0.929036
0.684171
0.292105
0.259391
0.547841
0.31152
0.139331
0.22775
0.399545
0.963388
0.899273
0.616227
0.447214
0.641161
0.506614
0.842946
0.918144
0.76679
0.155373
0.689268
0.812736
0.38435
0.555609
0.153822
0.710055
0.336799
0.759553
0.243119
0.0171661
0.330355
0.463607
0.341442
0.0118842
0.0867067
0.854261
0.21531
0.526918
0.327262
0.324621
0.0123331
0.699695
0.24094
0.750551
0.806856
0.800077
0.166926
0.585206
0.573487
0.872065
0.632794
0.800676
0.914029
0.879466
0.746465
0.41822
0.141055
0.226564
0.550924
0.799295
0.347966
0.00533889
0.264573
0.19107
0.170898
0.870148
0.998557
0.764055
0.804465
0.66068
0.878598
0.745854
0.463976
0.863886
0.0222453
0.509161
0.299498
0.303908
0.242075
0.412143
0.990005
0.378898
0.427969
0.170333
0.971964
0.0486571
0.392425
0.137312
0.51457
0.966985
0.780604
0.891112
0.545052
0.829634
0.761445
0.860201
0.361158
0.181523
0.160312
0.270635
0.279182
0.0901193
0.569447
0.367605
0.86909
0.389489
0.5851
0.0192826
0.751972
0.426141
0.0947779
0.626494
0.936289
0.467975
0.999515
0.703389
0.278837
0.661199
0.929049
0.0194408
0.409897
0.379812
0.602145
0.867929
0.778904
0.579981
0.744813
0.862131
0.962906
0.249083
0.510806
0.537339
0.453915
0.283704
0.392515
0.24977
0.435865
0.72349
0.92512
0.895641
0.156282
0.558944
0.990493
0.462904
0.277803
0.189849
0.555669
0.0200375
0.194792
0.810782
0.688801
0.103717
0.831811
0.218269
0.536125
0.761739
0.177342
0.654946
0.16272
0.200793
0.425351
0.335901
0.573562
0.5563
0.862396
0.554214
0.283273
0.979762
0.873122
0.799648
0.501252
0.72621
0.163666
0.0532275
0.0220521
0.494739
0.0977979
0.493096
0.632852
0.44761
0.623973
0.527795
0.945153
0.967394
0.708692
0.757842
0.639395
0.494662
0.604654
0.904364
0.281413
0.410117
0.297125
0.904008
0.649514
0.426822
0.247431
0.415963
0.573119
0.160384
0.309801
0.288182
0.269141
0.710029
0.315924
0.82874
0.603831
0.882827
0.560483
0.159796
0.898314
0.337009
0.309109
0.884288
0.599894
0.544458
0.135703
0.80187
0.74001
0.559134
0.451813
0.632128
0.274884
0.837475
0.974592
0.258769
0.429491
0.90358
0.325668
0.891646
0.618847
0.30144
0.177637
0.521402
0.346682
0.453472
0.759152
0.117746
0.814176
0.726437
0.888635
0.788832
0.0580575
0.661527
0.371474
0.855829
0.452425
0.871194
0.428042
0.109996
0.807072
0.880831
0.2333
0.453537
0.97713
0.676275
0.0393755
0.199486
0.733167
0.977482
0.20655
0.498671
0.0539704
0.132827
0.0234214
0.0233082
0.482221
0.566453
0.647462
0.244067
0.0317253
0.0596615
0.253053
0.612345
0.467691
0.0743571
0.835378
0.699332
0.920561
0.86854
0.674832
0.0513724
0.681411
0.353387
0.365733
0.73804
0.703596
0.785123
0.330125
0.428619
0.96454
0.110873
0.726619
0.1447
0.0364349
0.29882
0.912983
0.835124
0.589125
0.182267
0.17815
0.0185737
0.138085
0.631164
0.252317
0.424339
0.771399
0.596158
0.739793
0.359413
0.646729
0.38174
0.00556768
0.188289
0.376315
0.740381
0.70636
0.110751
0.565182
0.518226
0.56365
0.949599
0.642838
0.290002
0.749276
0.31956
0.140305
0.643834
0.871826
0.274353
0.99801
0.862039
0.281024
0.63371
0.984594
0.960415
0.456744
0.27347
0.86899
0.304513
0.346429
0.193631
0.144749
0.961306
0.405569
0.695884
0.155681
0.825475
0.220336
0.630849
0.82252
0.0462707
0.848513
0.409878
0.922806
0.613287
0.891544
0.336478
0.618118
0.751905
0.572363
0.108993
0.659262
0.612574
0.678366
0.862985
0.0356141
0.959733
0.737627
0.0769407
0.411677
0.0373795
0.210881
0.757509
0.428201
0.991675
0.910406
0.161852
0.843915
0.619765
0.468914
0.9359
0.867807
0.249561
0.562848
0.551983
0.519547
0.377474
0.130344
0.348716
0.913904
0.240864
0.0967126
0.133524
0.176446
0.524761
0.629228
0.909246
0.495638
0.0803981
0.73608
0.354732
0.819092
0.348885
0.695457
0.15908
0.00412271
0.250141
0.684683
0.792358
0.292158
0.235985
0.398835
0.418236
0.0810316
0.965907
0.089289
0.667677
0.67049
0.676609
0.688605
0.420764
0.0792711
0.635776
0.342444
0.0261193
0.681561
0.442499
0.199408
0.882084
0.261884
0.388651
0.268604
0.821333
0.0238387
0.0223781
0.409222
0.91488
0.801169
0.320507
0.194379
0.288289
0.0917155
0.556154
0.900786
0.118911
0.506518
0.877795
0.47315
0.703133
0.308829
0.0962864
0.111557
0.686327
0.067975
0.393771
0.720285
0.888656
0.0238066
0.275694
0.911556
0.78231
0.576194
0.85674
0.795074
0.885539
0.0804601
0.139105
0.6288
0.753361
0.366676
0.285344
0.0502122
0.400814
0.917447
0.6372
0.635908
0.961781
0.0194782
0.826243
0.568457
0.20758
0.34938
0.403099
0.470372
0.636486
0.614926
0.606122
0.328682
0.99538
0.348819
0.658556
0.296448
0.600044
0.198609
0.540515
0.615265
0.167949
0.0119361
0.179715
0.808956
0.256716
0.329349
0.719567
0.685945
0.313109
0.0590019
0.199318
0.497192
0.225083
0.379522
0.184466
0.651601
0.964564
0.995505
0.335527
0.0770975
0.711929
0.0551879
0.903299
0.879236
0.795833
0.915318
0.560611
0.681041
0.901994
0.907091
0.514215
0.864971
0.38105
0.270213
0.320436
0.204721
0.673503
0.213252
0.548648
0.227816
0.0173921
0.444514
0.622304
0.157321
0.442965
0.394408
0.281644
0.00432078
0.379831
0.325283
0.896197
0.915418
0.422236
0.813633
0.327071
0.832038
0.953143
0.24626
0.359272
0.597388
0.772134
0.358841
0.462161
0.315308
0.53866
0.362955
0.674137
0.303817
0.466738
0.815374
0.773464
0.659903
0.571692
0.0459832
0.858826
0.104806
0.659244
0.458269
0.348791
0.997277
0.208738
0.57557
0.75992
0.824688
0.772915
0.591434
0.886951
0.281272
0.956392
0.834938
0.962837
0.615027
0.0107017
0.421938
0.396593
0.382182
0.661344
0.00170629
0.556056
0.202822
0.88106
0.619946
0.665154
0.213332
0.785018
0.221361
0.808515
0.831734
0.53341
0.654378
0.80786
0.326166
0.478898
0.197035
0.508348
0.997311
0.135787
0.660738
0.728018
0.622571
0.530417
0.177688
0.240331
0.0557507
0.630958
0.269064
0.825561
0.495097
0.844657
0.943307
0.8772
0.0696011
0.0502266
0.716598
0.3334
0.265477
0.0189289
0.560144
0.60843
0.703425
0.964973
0.300423
0.0348172
0.270447
0.461817
0.315746
0.371468
0.496284
0.40047
0.0536422
0.738774
0.703508
0.782482
0.514351
0.501943
0.245994
0.556417
0.320278
0.902919
0.123651
0.582198
0.947727
0.0296681
0.227792
0.816294
0.67163
0.130738
0.84789
0.0905893
0.573762
0.962943
0.293602
0.56557
0.0278108
0.585899
0.971983
0.933694
0.362817
0.344019
0.913192
0.0713994
0.197298
0.0527234
0.668164
0.948264
0.930087
0.507239
0.980207
0.53724
0.989063
0.216307
0.432716
0.116823
0.0918572
0.668566
0.850363
0.77935
0.131008
0.103393
0.655155
0.888346
0.829975
0.42471
0.302772
0.845919
0.494441
0.333917
0.787492
0.0595487
0.246131
0.400302
0.495889
0.977089
0.934988
0.297102
0.668299
0.642829
0.177114
0.924645
0.684533
0.349833
0.550076
0.895801
0.305281
0.690959
0.605852
0.381147
0.150427
0.536935
0.579462
0.0845972
0.216038
0.392043
0.212972
0.224066
0.233071
0.615069
0.895507
0.41346
0.989356
0.460936
0.0529661
0.681151
0.606948
0.198018
0.850543
0.130558
0.0810182
0.0602078
0.794624
0.7611
0.616995
0.0338579
0.047408
0.867346
0.192201
0.538385
0.388278
0.20233
0.89408
0.725749
0.278289
0.667719
0.675706
0.558941
0.9273
0.92748
0.517866
0.063291
0.00986621
0.721341
0.378309
0.0318868
0.850578
0.162557
0.484064
0.163298
0.103334
0.869457
0.657341
0.928529
0.595353
0.438356
0.253821
0.132873
0.592699
0.909119
0.684424
0.831207
0.0886743
0.854502
0.354614
0.613842
0.896853
0.807791
0.565345
0.792062
0.380827
0.88495
0.929703
0.621275
0.924461
0.184052
0.630948
0.161011
0.471153
0.79158
0.907968
0.419415
0.269465
0.673177
0.758207
0.000470583
0.148742
0.819255
0.996972
0.80192
0.00987009
0.296152
0.442482
0.4735
0.336861
0.307588
0.00894671
0.572483
0.570619
0.764715
0.581221
0.168421
0.244888
0.341636
0.087541
0.0130682
0.177773
0.785936
0.716855
0.409761
0.119329
0.43032
0.804265
0.0862688
0.541384
0.594486
0.405425
0.877683
0.0147118
0.59459
0.427457
0.387704
0.642407
0.0756884
0.487633
0.929792
0.961143
0.520593
0.536283
0.00711469
0.192835
0.259961
0.506065
0.575022
0.692015
0.102626
0.234893
0.376893
0.337972
0.115646
0.0217196
0.057186
0.248801
0.197163
0.0987562
0.917436
0.520174
0.266284
0.204263
0.769578
0.9277
0.586489
0.431268
0.748697
0.156658
0.790778
0.173535
0.289446
0.482027
0.931114
0.356688
0.0628217
0.400474
0.582699
0.189342
0.163345
0.90329
0.888844
0.55905
0.0914077
0.858868
0.283812
0.944973
0.70281
0.686648
0.015626
0.706544
0.793908
0.0501258
0.800279
0.927214
0.9821
0.192919
0.250246
0.364759
0.896916
0.680844
0.123709
0.0520718
0.765063
0.0306926
0.928618
0.140367
0.721508
0.939875
0.270891
0.391157
0.455734
0.916116
0.0191587
0.33109
0.56857
0.881284
0.556274
0.514737
0.0989934
0.209445
0.0024184
0.81806
0.261863
0.427198
0.525444
0.818528
0.739768
0.374448
0.217682
0.306387
0.860257
0.354888
0.952367
0.352372
0.968743
0.787136
0.947881
9.06327e-05
0.412797
0.597964
0.261249
0.388816
0.184394
0.473447
0.502536
0.913547
0.321149
0.0544324
0.974055
0.331193
0.346882
0.893711
0.658788
0.21296
0.257327
0.524352
0.593303
0.240487
0.256751
0.101948
0.250038
0.219556
0.993207
0.214154
0.620591
0.803011
0.0341015
0.0402164
0.0798235
0.927122
0.395516
0.012292
0.612177
0.492824
0.602434
0.0353931
0.558644
0.813046
0.292019
0.315464
0.890328
0.0661813
0.259692
0.625342
0.3733
0.712388
0.935766
0.818163
0.337453
0.526525
0.938046
0.52797
0.17457
0.485462
0.442342
0.79766
0.98891
0.592913
0.63666
0.834322
0.72568
0.53757
0.46387
0.191447
0.0799294
0.228824
0.573945
0.416248
0.539898
0.402029
0.570851
0.69108
0.779049
0.851781
0.13718
0.652918
0.256789
0.165267
0.995964
0.434739
0.763158
0.497521
0.00389115
0.0184675
0.289844
0.407495
0.962674
0.470984
0.911899
0.48376
0.0239035
0.612808
0.820628
0.480607
0.823192
0.441315
0.568552
0.95222
0.663459
0.832991
0.0701028
0.853181
0.389795
0.358163
0.073904
0.764926
0.00134012
0.930023
0.86426
0.809873
0.276315
0.0498251
0.377458
0.915147
0.150977
0.345019
0.416196
0.154393
0.400932
0.20891
0.0806172
0.104071
0.228591
0.933104
0.567063
0.299235
0.823735
0.0422274
0.717784
0.543916
0.193785
0.49689
0.130821
0.173071
0.502143
0.94858
0.557739
0.251673
0.176637
0.576104
0.0373033
0.650247
0.45032
0.315808
0.978188
0.232439
0.981452
0.257653
0.045947
0.593717
0.80025
0.134311
0.0774691
0.122924
0.238713
0.0621039
0.880996
0.433834
0.636582
0.511822
0.787657
0.78417
0.43968
0.131804
0.444168
0.503587
0.174569
0.659532
0.0370315
0.0136006
0.125216
0.33355
0.831592
0.351862
0.253254
0.613514
0.300921
0.544773
0.124007
0.11872
0.514031
0.210548
0.230185
0.707198
0.170373
0.347905
0.0133306
0.602636
0.320922
0.839021
0.816363
0.39538
0.714344
0.674669
0.0837139
0.712797
0.415156
0.511177
0.959004
0.796182
0.440043
0.445155
0.123193
0.0907033
0.361447
0.244721
0.416325
0.6521
0.200049
0.362695
0.521409
0.0304173
0.552308
0.268688
0.618715
0.197066
